H 192 1586 1
E 53 55 6
E 53 10 5
E 10 53 5
E 55 53 5
E 55 10 5
E 53 55 6
E 10 53 6
E 10 55 5
E 53 10 6
E 167 181 5
E 181 167 5
E 181 167 5
E 167 181 6
E 173 90 6
E 173 168 6
E 168 173 5
E 90 173 6
E 90 168 5
E 173 90 5
E 168 173 5
E 168 90 5
E 173 168 6
E 100 60 6
E 60 100 5
E 60 100 5
E 100 60 6
E 164 72 6
E 72 164 6
E 72 164 6
E 164 72 5
E 14 176 6
E 176 14 6
E 176 14 5
E 14 176 6
E 117 8 5
E 8 117 5
E 8 117 5
E 117 8 5
E 187 127 6
E 127 187 6
E 127 187 5
E 187 127 5
E 18 134 6
E 18 144 6
E 144 18 5
E 134 18 6
E 134 144 6
E 18 134 6
E 144 18 6
E 144 134 5
E 134 144 6
E 166 147 5
E 147 166 5
E 147 166 6
E 166 147 5
E 84 99 5
E 84 45 6
E 84 13 5
E 13 84 5
E 45 13 6
E 45 99 6
E 45 84 6
E 99 45 6
E 50 84 6
E 50 13 6
E 50 99 6
E 13 50 5
E 99 45 5
E 99 50 6
E 99 13 6
E 45 99 5
E 13 50 6
E 13 84 6
E 13 99 5
E 99 13 5
E 171 37 5
E 171 1 5
E 1 171 5
E 37 171 6
E 37 1 6
E 171 37 5
E 1 171 6
E 1 37 5
E 37 1 6
E 92 163 5
E 92 121 5
E 92 189 5
E 163 92 6
E 163 92 6
E 163 121 5
E 163 189 6
E 189 163 5
E 189 163 5
E 189 92 6
E 189 121 6
E 92 189 5
E 121 163 5
E 121 189 6
E 121 92 6
E 189 121 6
E 107 140 6
E 107 16 5
E 140 107 6
E 140 107 6
E 140 16 5
E 107 140 6
E 16 107 6
E 16 140 6
E 107 16 5
E 46 183 5
E 46 41 5
E 41 46 6
E 183 46 5
E 183 41 6
E 41 183 6
E 41 46 5
E 41 183 6
E 46 41 6
E 131 42 6
E 131 85 6
E 131 75 5
E 75 131 5
E 42 75 5
E 42 131 5
E 42 85 5
E 131 42 6
E 85 42 6
E 85 75 5
E 85 131 6
E 131 85 6
E 75 42 6
E 75 85 6
E 75 131 6
E 85 75 6
E 124 21 6
E 124 15 5
E 124 78 6
E 33 124 6
E 33 21 6
E 33 78 5
E 33 124 5
E 78 33 5
E 15 21 5
E 15 124 5
E 15 78 5
E 124 15 5
E 78 124 5
E 78 15 6
E 78 21 6
E 21 78 6
E 21 33 6
E 21 124 5
E 21 15 6
E 15 21 6
E 87 19 6
E 87 179 5
E 19 87 6
E 19 87 6
E 19 179 5
E 179 19 6
E 179 87 6
E 179 19 6
E 19 179 5
E 114 80 6
E 80 114 5
E 80 114 6
E 114 80 5
E 162 65 6
E 65 162 6
E 65 162 5
E 162 65 5
E 178 76 5
E 76 178 6
E 76 178 6
E 178 76 6
E 153 190 6
E 153 141 5
E 190 153 6
E 190 153 5
E 190 141 6
E 141 190 6
E 141 153 6
E 141 190 6
E 153 141 6
E 17 88 5
E 88 17 6
E 88 17 5
E 17 88 6
E 3 82 5
E 82 3 5
E 82 3 5
E 3 82 5
E 23 29 6
E 23 137 5
E 29 23 6
E 29 23 6
E 29 137 5
E 137 29 5
E 137 23 5
E 137 29 5
E 23 137 6
E 86 97 6
E 97 86 5
E 97 86 5
E 86 97 5
E 136 27 5
E 136 47 5
E 47 136 5
E 27 136 6
E 27 47 5
E 136 27 5
E 47 136 6
E 47 27 6
E 27 47 6
E 74 125 5
E 125 74 5
E 125 74 5
E 74 125 5
E 172 186 6
E 186 172 5
E 186 172 5
E 172 186 5
E 35 122 6
E 122 35 5
E 122 35 5
E 35 122 6
E 105 31 5
E 105 67 5
E 67 105 5
E 31 105 5
E 31 67 5
E 105 31 6
E 67 105 5
E 67 31 6
E 105 67 6
E 28 52 5
E 52 28 6
E 52 28 5
E 28 52 5
E 182 143 6
E 182 26 6
E 182 191 5
E 191 182 6
E 191 26 5
E 191 143 6
E 191 182 6
E 26 191 5
E 26 143 5
E 26 182 5
E 26 191 5
E 191 26 6
E 143 191 6
E 143 182 6
E 143 26 5
E 182 143 6
E 156 108 5
E 108 156 5
E 108 156 6
E 156 108 6
E 138 161 6
E 138 51 5
E 138 34 5
E 34 138 5
E 34 138 6
E 34 51 6
E 34 161 5
E 161 34 6
E 161 34 6
E 161 51 6
E 161 138 5
E 51 161 5
E 51 161 6
E 51 138 6
E 51 34 6
E 161 51 5
E 59 2 5
E 59 91 5
E 59 54 6
E 54 59 5
E 91 59 6
E 91 2 6
E 91 54 6
E 59 91 6
E 54 2 6
E 54 91 6
E 54 59 5
E 2 54 6
E 2 54 6
E 2 91 5
E 2 59 5
E 91 2 5
E 20 119 6
E 119 20 6
E 119 20 6
E 20 119 6
E 98 158 5
E 98 169 5
E 98 58 5
E 158 98 5
E 158 58 6
E 158 169 5
E 158 98 5
E 58 158 5
E 58 169 6
E 58 158 6
E 58 98 6
E 158 58 6
E 169 158 5
E 169 98 5
E 169 58 6
E 158 169 5
E 133 116 5
E 133 139 5
E 139 133 6
E 116 133 6
E 116 139 6
E 133 116 5
E 139 133 6
E 139 116 5
E 133 139 5
E 94 0 6
E 94 142 5
E 142 94 6
E 0 94 5
E 0 142 6
E 94 0 6
E 142 94 6
E 142 0 6
E 94 142 5
E 132 61 5
E 61 132 5
E 61 132 6
E 132 61 5
E 101 177 6
E 177 101 5
E 177 101 5
E 101 177 5
E 104 111 5
E 104 159 6
E 104 109 6
E 109 104 6
E 159 104 6
E 159 111 5
E 159 109 6
E 104 159 6
E 111 109 6
E 111 159 5
E 111 104 5
E 109 111 6
E 109 104 5
E 109 111 5
E 109 159 6
E 111 109 6
E 126 175 6
E 175 126 6
E 175 126 6
E 126 175 6
E 49 56 5
E 49 62 6
E 49 113 5
E 56 49 6
E 62 113 5
E 62 49 6
E 62 56 5
E 56 62 5
E 56 145 6
E 56 113 6
E 56 62 6
E 113 56 6
E 145 113 6
E 145 62 6
E 145 49 6
E 113 145 6
E 113 145 6
E 113 62 5
E 113 56 6
E 62 113 6
E 155 40 5
E 40 155 6
E 40 155 5
E 155 40 5
E 149 71 6
E 71 149 5
E 71 149 5
E 149 71 6
E 48 69 5
E 48 39 6
E 39 48 5
E 69 48 5
E 69 39 6
E 39 69 5
E 39 48 5
E 39 69 6
E 69 39 6
E 81 95 5
E 95 81 5
E 95 81 6
E 81 95 5
E 36 103 5
E 103 36 6
E 103 36 6
E 36 103 6
E 32 154 5
E 32 110 6
E 154 32 5
E 154 32 6
E 154 110 6
E 32 154 6
E 110 32 6
E 110 154 6
E 32 110 5
E 24 12 6
E 12 24 6
E 12 24 5
E 24 12 6
E 180 170 6
E 170 180 5
E 170 180 6
E 180 170 5
E 120 9 6
E 120 63 5
E 120 130 6
E 9 120 5
E 130 120 6
E 130 63 5
E 130 9 6
E 63 130 5
E 9 130 5
E 9 63 6
E 9 120 5
E 130 9 6
E 63 130 6
E 63 9 6
E 63 120 5
E 130 63 5
E 30 160 6
E 160 30 6
E 160 30 6
E 30 160 6
E 188 38 6
E 38 188 5
E 38 188 6
E 188 38 5
E 64 7 5
E 7 64 5
E 7 64 5
E 64 7 6
E 44 22 6
E 22 44 6
E 22 44 6
E 44 22 5
E 57 79 5
E 79 57 5
E 79 57 6
E 57 79 6
E 70 68 6
E 68 70 5
E 68 70 5
E 70 68 6
E 152 123 6
E 152 5 6
E 123 152 5
E 123 152 5
E 123 5 6
E 5 123 6
E 5 152 5
E 5 123 6
E 123 5 5
E 135 146 5
E 135 6 6
E 146 135 5
E 146 135 5
E 146 6 5
E 135 146 5
E 6 135 6
E 6 146 5
E 135 6 6
E 53 88 5
E 55 185 5
E 55 47 6
E 53 14 5
E 53 3 6
E 53 125 5
E 55 77 5
E 10 25 5
E 10 175 6
E 10 83 6
E 10 106 5
E 55 97 5
E 10 74 6
E 167 4 6
E 181 135 6
E 167 137 5
E 181 7 5
E 181 131 6
E 181 150 6
E 167 1 5
E 167 166 5
E 167 73 5
E 167 89 5
E 181 163 6
E 167 70 5
E 181 165 6
E 4 41 6
E 4 118 5
E 4 156 6
E 4 77 5
E 4 135 6
E 4 64 5
E 4 52 6
E 4 149 6
E 4 174 5
E 4 165 6
E 4 80 5
E 4 74 6
E 4 164 5
E 168 71 5
E 173 28 6
E 173 71 5
E 173 127 5
E 168 96 6
E 173 96 5
E 168 144 6
E 173 188 6
E 90 108 5
E 90 102 5
E 168 122 6
E 168 178 5
E 90 73 5
E 100 175 6
E 100 114 5
E 60 108 5
E 60 106 6
E 60 66 6
E 60 65 6
E 100 89 5
E 60 48 6
E 100 46 5
E 60 93 6
E 60 25 5
E 60 160 5
E 100 166 5
E 72 178 5
E 72 97 5
E 164 86 5
E 72 184 5
E 164 89 5
E 164 59 6
E 164 115 6
E 164 9 5
E 164 148 5
E 72 19 5
E 72 151 6
E 164 151 6
E 164 156 5
E 14 96 6
E 14 174 5
E 176 42 6
E 14 143 5
E 14 137 5
E 176 65 5
E 176 93 5
E 176 155 6
E 14 134 5
E 14 37 5
E 14 184 6
E 14 82 5
E 176 77 6
E 11 33 5
E 11 22 6
E 11 73 6
E 11 106 6
E 11 102 6
E 11 146 5
E 11 116 6
E 11 13 6
E 11 124 6
E 11 103 5
E 11 28 6
E 11 89 6
E 11 187 5
E 8 106 6
E 8 165 5
E 117 140 6
E 117 56 5
E 8 49 5
E 8 43 6
E 8 98 6
E 117 18 5
E 117 131 5
E 117 122 5
E 117 185 5
E 117 137 5
E 8 86 5
E 187 179 6
E 187 88 6
E 187 19 6
E 127 64 5
E 127 6 6
E 127 157 6
E 187 33 5
E 127 186 5
E 187 48 5
E 187 30 5
E 187 87 6
E 127 92 6
E 187 47 6
E 144 140 6
E 18 174 6
E 144 56 6
E 144 35 6
E 144 102 6
E 134 163 6
E 134 157 5
E 18 49 6
E 134 103 6
E 18 57 5
E 134 147 6
E 134 82 5
E 144 41 6
E 166 1 5
E 166 94 6
E 147 76 6
E 147 66 6
E 166 59 6
E 166 6 6
E 166 135 6
E 147 74 6
E 166 179 5
E 147 69 6
E 147 40 6
E 147 184 6
E 147 126 6
E 50 130 6
E 84 146 6
E 84 65 5
E 13 87 6
E 50 149 6
E 99 79 6
E 84 115 5
E 13 172 5
E 99 146 6
E 50 188 5
E 50 152 6
E 13 24 5
E 50 93 5
E 66 42 5
E 66 118 5
E 66 67 6
E 66 119 5
E 66 184 6
E 66 62 5
E 66 128 6
E 66 74 5
E 66 182 6
E 66 105 5
E 66 33 5
E 66 70 5
E 66 171 5
E 1 43 5
E 37 81 6
E 1 16 6
E 1 185 6
E 37 185 6
E 37 68 5
E 37 76 6
E 1 93 5
E 37 161 6
E 1 76 5
E 1 70 5
E 171 9 6
E 37 20 5
E 121 126 6
E 163 68 5
E 92 161 6
E 189 143 6
E 163 151 6
E 92 131 5
E 92 103 6
E 92 25 5
E 121 93 5
E 189 165 5
E 92 86 6
E 163 191 6
E 189 19 6
E 140 28 6
E 140 0 6
E 16 42 6
E 107 165 6
E 16 126 6
E 107 151 5
E 16 27 6
E 16 73 6
E 16 165 5
E 107 128 5
E 107 172 6
E 107 21 6
E 16 184 5
E 46 88 5
E 41 80 6
E 183 25 5
E 183 81 6
E 183 149 6
E 41 24 6
E 183 39 5
E 46 150 5
E 183 97 5
E 183 129 6
E 183 150 6
E 46 7 5
E 41 40 5
E 77 118 6
E 77 157 6
E 77 162 6
E 77 184 5
E 77 186 6
E 77 63 5
E 77 94 5
E 77 25 6
E 77 143 5
E 77 113 5
E 77 98 5
E 77 76 5
E 77 48 6
E 75 129 6
E 75 114 5
E 131 122 6
E 75 188 6
E 75 112 5
E 85 40 5
E 131 31 6
E 131 58 6
E 85 91 5
E 75 97 6
E 42 126 5
E 131 93 6
E 75 28 5
E 165 61 6
E 165 68 6
E 165 116 6
E 165 159 5
E 165 185 6
E 165 118 5
E 165 48 5
E 165 169 5
E 165 27 5
E 165 64 6
E 165 115 5
E 165 101 6
E 165 112 6
E 33 5 6
E 21 185 5
E 124 142 6
E 124 157 6
E 78 43 6
E 78 141 5
E 21 129 5
E 21 170 5
E 21 40 6
E 33 119 6
E 15 7 6
E 15 149 6
E 78 96 5
E 87 76 5
E 179 139 6
E 179 185 6
E 179 119 6
E 19 38 5
E 87 188 5
E 19 52 6
E 179 98 6
E 87 63 5
E 87 57 5
E 179 0 6
E 87 174 5
E 19 64 6
E 80 149 6
E 114 31 5
E 80 133 5
E 80 185 5
E 114 88 6
E 80 93 6
E 114 101 5
E 80 48 5
E 80 25 5
E 114 110 6
E 114 58 6
E 80 22 5
E 80 88 6
E 162 110 6
E 65 36 6
E 162 3 6
E 65 115 5
E 65 68 6
E 162 185 5
E 65 31 5
E 162 161 6
E 65 180 6
E 162 96 6
E 162 9 5
E 65 129 6
E 65 102 5
E 112 74 6
E 112 150 5
E 112 6 6
E 112 61 5
E 112 98 5
E 112 86 6
E 112 161 5
E 112 12 5
E 112 120 5
E 112 96 6
E 112 43 6
E 112 2 5
E 112 24 6
E 76 108 5
E 76 150 5
E 178 151 6
E 178 58 6
E 178 88 6
E 76 81 5
E 178 172 5
E 76 119 5
E 76 159 6
E 76 186 5
E 178 97 6
E 178 132 6
E 76 43 5
E 153 71 6
E 141 17 6
E 190 118 6
E 153 61 6
E 190 174 5
E 141 126 6
E 141 36 5
E 141 139 5
E 141 106 5
E 190 191 6
E 190 17 6
E 141 23 5
E 153 106 6
E 25 3 5
E 25 115 6
E 25 27 6
E 25 128 6
E 25 150 6
E 25 148 6
E 25 120 6
E 25 95 5
E 25 102 5
E 25 160 6
E 25 110 6
E 25 93 6
E 25 57 5
E 174 120 5
E 174 185 5
E 174 27 5
E 174 151 5
E 174 110 6
E 174 138 5
E 174 128 6
E 174 102 6
E 174 26 6
E 174 57 6
E 174 89 5
E 174 28 5
E 174 172 6
E 17 7 5
E 17 115 6
E 88 24 6
E 17 101 5
E 88 9 5
E 88 39 6
E 17 22 6
E 88 129 5
E 88 175 5
E 17 24 5
E 88 177 5
E 88 106 6
E 17 44 6
E 82 172 5
E 3 172 5
E 82 143 5
E 3 149 5
E 82 106 6
E 82 128 6
E 3 102 5
E 3 7 6
E 3 30 6
E 3 56 6
E 3 128 6
E 82 185 6
E 3 118 6
E 29 175 6
E 137 185 5
E 23 185 5
E 23 143 6
E 23 108 6
E 137 128 5
E 137 20 6
E 137 81 5
E 23 151 5
E 29 115 5
E 29 81 5
E 23 52 5
E 29 0 5
E 97 105 6
E 97 185 6
E 86 126 6
E 97 22 5
E 86 12 6
E 97 44 6
E 86 154 6
E 97 93 6
E 86 175 5
E 86 151 5
E 86 43 5
E 97 59 6
E 86 79 6
E 27 116 5
E 27 119 6
E 47 149 5
E 47 156 5
E 27 148 6
E 27 150 5
E 47 119 6
E 47 35 5
E 27 128 6
E 47 132 6
E 47 157 5
E 27 155 5
E 47 186 5
E 74 191 6
E 125 102 6
E 125 73 6
E 125 35 5
E 74 123 6
E 125 150 6
E 125 169 5
E 125 148 5
E 74 106 6
E 74 116 5
E 125 30 6
E 125 126 5
E 125 95 6
E 172 95 6
E 186 32 5
E 186 101 5
E 186 63 6
E 186 89 6
E 172 9 5
E 172 96 5
E 186 123 5
E 172 185 5
E 172 148 6
E 172 81 6
E 172 2 5
E 172 122 6
E 35 129 6
E 122 132 5
E 35 89 6
E 122 149 6
E 122 108 6
E 122 154 5
E 122 185 6
E 35 150 6
E 35 184 5
E 122 38 6
E 122 94 6
E 122 175 6
E 122 156 6
E 67 5 5
E 67 191 5
E 105 89 5
E 67 128 6
E 31 161 5
E 105 123 6
E 105 148 6
E 67 106 6
E 105 96 5
E 31 51 6
E 67 71 5
E 105 185 6
E 31 106 5
E 52 73 6
E 52 119 6
E 28 48 5
E 52 44 6
E 52 38 5
E 52 95 5
E 52 43 6
E 28 38 5
E 52 170 6
E 52 145 6
E 28 139 5
E 28 185 5
E 28 91 6
E 26 30 6
E 26 149 5
E 143 135 6
E 26 108 5
E 191 128 5
E 143 175 6
E 143 69 6
E 182 188 6
E 182 128 6
E 182 129 5
E 143 79 6
E 26 68 6
E 191 115 5
E 156 102 5
E 156 57 5
E 156 118 6
E 156 30 6
E 156 152 5
E 156 148 5
E 108 148 5
E 108 63 6
E 108 64 6
E 108 61 5
E 156 22 6
E 108 22 6
E 108 93 5
E 83 119 5
E 83 128 6
E 83 70 6
E 83 61 5
E 83 62 5
E 83 149 5
E 83 146 6
E 83 185 5
E 83 54 6
E 83 151 5
E 83 106 5
E 83 36 5
E 83 120 6
E 93 0 5
E 93 146 5
E 93 149 5
E 93 150 6
E 93 169 6
E 93 2 6
E 93 9 5
E 93 56 5
E 93 126 5
E 93 180 6
E 93 20 5
E 93 43 5
E 93 115 5
E 161 155 6
E 161 149 5
E 51 71 5
E 34 177 5
E 51 12 5
E 34 57 5
E 34 128 6
E 161 20 6
E 161 175 5
E 34 54 5
E 161 9 5
E 34 69 6
E 161 0 6
E 54 89 5
E 91 128 5
E 2 44 5
E 91 96 5
E 2 94 5
E 59 38 6
E 59 43 6
E 54 160 6
E 2 43 6
E 91 132 6
E 91 73 5
E 54 177 6
E 59 68 5
E 20 152 5
E 119 106 6
E 119 5 5
E 20 70 6
E 119 150 5
E 20 71 6
E 20 180 6
E 20 150 5
E 20 7 6
E 119 57 6
E 20 151 6
E 20 9 5
E 119 142 6
E 158 142 5
E 158 40 6
E 58 104 6
E 58 150 5
E 169 94 5
E 158 157 5
E 169 180 5
E 169 151 6
E 169 145 5
E 58 40 5
E 158 24 6
E 98 44 6
E 98 110 6
E 129 38 6
E 129 157 6
E 129 184 5
E 129 148 5
E 129 118 6
E 129 106 6
E 129 73 5
E 129 5 6
E 129 9 6
E 129 43 6
E 129 132 5
E 129 109 5
E 129 188 6
E 133 48 6
E 133 115 5
E 133 185 6
E 116 175 6
E 133 155 5
E 116 148 5
E 116 132 5
E 133 57 6
E 116 157 5
E 139 12 5
E 139 36 5
E 139 115 5
E 139 62 6
E 94 57 6
E 94 185 6
E 142 5 5
E 142 73 6
E 0 106 5
E 142 71 6
E 0 150 5
E 0 22 5
E 94 118 6
E 0 12 6
E 0 103 5
E 142 115 6
E 0 43 6
E 43 36 6
E 43 71 6
E 43 106 5
E 43 73 6
E 43 150 6
E 43 175 5
E 43 126 6
E 43 160 5
E 43 184 5
E 43 64 6
E 43 70 6
E 43 151 5
E 43 32 6
E 132 57 5
E 132 24 6
E 132 170 5
E 132 63 6
E 132 12 6
E 132 180 6
E 132 48 5
E 132 115 5
E 132 177 6
E 61 128 5
E 61 79 5
E 61 71 6
E 132 175 6
E 101 96 6
E 101 102 5
E 101 175 5
E 101 184 5
E 177 95 6
E 177 7 5
E 101 118 5
E 101 56 5
E 177 180 5
E 101 135 5
E 177 32 6
E 101 79 5
E 177 160 5
E 109 95 6
E 159 157 6
E 159 118 6
E 109 89 6
E 111 115 5
E 104 184 6
E 109 30 6
E 109 115 6
E 159 106 6
E 109 149 6
E 159 7 6
E 159 49 6
E 111 30 6
E 175 106 5
E 126 115 5
E 126 135 6
E 175 180 5
E 126 154 6
E 175 170 6
E 126 96 5
E 126 157 5
E 126 123 6
E 126 106 6
E 126 73 5
E 126 188 5
E 175 5 5
E 113 135 6
E 62 188 5
E 49 150 5
E 56 106 5
E 62 118 5
E 56 89 5
E 62 150 6
E 113 22 6
E 49 184 6
E 145 71 5
E 145 110 5
E 56 95 6
E 56 184 6
E 155 185 5
E 155 151 6
E 40 96 5
E 40 103 6
E 155 5 5
E 155 180 6
E 155 106 5
E 155 79 6
E 155 146 6
E 40 95 5
E 40 184 6
E 155 96 5
E 155 73 5
E 185 44 6
E 185 6 5
E 185 188 6
E 185 118 5
E 185 106 5
E 185 69 6
E 185 148 6
E 185 157 5
E 185 73 6
E 185 38 6
E 185 115 6
E 185 7 6
E 185 170 6
E 149 160 5
E 71 148 5
E 149 6 5
E 71 38 6
E 71 24 6
E 71 146 6
E 149 115 5
E 71 89 5
E 149 151 5
E 149 128 6
E 71 68 5
E 149 184 5
E 71 160 6
E 48 115 6
E 48 184 6
E 48 103 5
E 69 64 6
E 39 170 6
E 48 118 6
E 39 184 5
E 39 22 5
E 69 115 5
E 69 118 6
E 48 110 5
E 39 102 5
E 39 89 5
E 106 63 5
E 106 151 6
E 106 30 6
E 106 180 5
E 106 95 5
E 106 184 6
E 106 96 5
E 106 44 6
E 106 103 6
E 106 128 6
E 106 170 6
E 106 36 6
E 106 5 6
E 151 157 5
E 151 123 5
E 151 68 5
E 151 118 5
E 151 148 5
E 151 170 5
E 151 70 6
E 151 30 6
E 151 9 5
E 151 57 5
E 151 63 5
E 151 120 5
E 151 89 6
E 95 148 5
E 81 9 6
E 95 160 5
E 95 118 5
E 81 115 5
E 81 57 5
E 81 150 6
E 95 96 5
E 95 188 5
E 95 73 6
E 95 157 6
E 81 96 5
E 81 102 5
E 96 63 5
E 96 120 6
E 96 6 5
E 96 12 6
E 96 135 6
E 96 73 5
E 96 38 6
E 96 154 5
E 96 128 6
E 96 64 6
E 96 118 5
E 96 57 6
E 96 157 5
E 184 102 6
E 184 157 5
E 184 22 6
E 184 32 5
E 184 68 6
E 184 150 5
E 184 63 5
E 184 79 5
E 184 148 6
E 184 6 5
E 184 128 6
E 184 44 5
E 184 12 5
E 150 22 5
E 150 148 6
E 150 154 6
E 150 44 6
E 150 157 5
E 150 89 5
E 150 170 5
E 150 6 6
E 150 38 6
E 150 128 5
E 150 110 6
E 150 102 5
E 150 79 6
E 36 120 5
E 103 70 6
E 103 152 6
E 103 38 6
E 36 135 6
E 36 7 5
E 103 89 6
E 36 57 6
E 36 123 6
E 36 5 6
E 36 118 6
E 36 180 6
E 36 102 6
E 110 38 5
E 154 157 6
E 154 118 6
E 110 180 5
E 110 102 6
E 110 64 6
E 32 22 6
E 110 73 6
E 32 170 6
E 154 6 5
E 32 12 5
E 110 118 6
E 154 68 6
E 24 79 6
E 12 157 6
E 24 89 5
E 12 120 6
E 24 57 6
E 12 73 6
E 12 148 5
E 24 152 5
E 12 68 5
E 24 128 6
E 24 115 5
E 12 128 6
E 24 102 6
E 180 63 5
E 180 118 5
E 180 89 6
E 180 157 6
E 170 57 6
E 170 68 6
E 180 115 5
E 170 38 5
E 180 102 6
E 180 188 6
E 180 79 5
E 170 148 5
E 180 5 5
E 130 146 6
E 9 123 5
E 9 188 6
E 120 135 6
E 9 118 6
E 130 152 5
E 130 102 5
E 63 157 5
E 120 68 5
E 130 135 6
E 9 22 6
E 9 70 6
E 63 22 5
E 73 118 6
E 73 102 6
E 73 6 6
E 73 70 5
E 73 64 5
E 73 22 5
E 73 135 6
E 73 57 6
E 73 115 6
E 73 148 5
E 73 68 5
E 73 160 5
E 73 152 5
E 128 64 5
E 128 70 5
E 128 5 6
E 128 157 5
E 128 188 6
E 128 118 6
E 128 68 6
E 128 146 6
E 128 115 5
E 128 44 6
E 128 6 6
E 128 148 5
E 128 152 6
E 160 89 5
E 30 68 6
E 160 123 6
E 160 38 5
E 30 118 6
E 30 135 5
E 160 146 6
E 160 102 5
E 30 79 6
E 30 22 5
E 160 118 6
E 30 188 5
E 30 148 5
E 188 148 6
E 38 5 5
E 38 6 5
E 188 102 6
E 188 70 6
E 38 89 6
E 38 68 5
E 38 102 6
E 188 68 6
E 38 118 5
E 188 64 5
E 38 22 6
E 188 123 6
E 118 89 6
E 118 70 6
E 118 44 5
E 118 7 6
E 118 115 6
E 118 148 6
E 118 64 6
E 118 57 6
E 118 22 6
E 118 135 5
E 118 152 6
E 118 102 6
E 118 123 5
E 157 146 5
E 157 6 5
E 157 115 6
E 157 70 6
E 157 22 6
E 157 135 6
E 157 89 6
E 157 44 5
E 157 64 5
E 157 123 5
E 157 148 6
E 157 102 6
E 157 57 6
E 64 79 5
E 64 6 6
E 64 102 5
E 7 57 6
E 7 102 6
E 64 68 5
E 7 115 5
E 64 70 6
E 7 44 6
E 64 148 6
E 7 22 5
E 7 89 5
E 7 148 5
E 115 123 6
E 115 148 5
E 115 57 5
E 115 135 6
E 115 102 6
E 115 5 6
E 115 89 5
E 115 44 6
E 115 79 6
E 115 68 6
E 115 22 5
E 115 6 6
E 115 146 6
E 44 70 5
E 22 148 6
E 22 89 6
E 22 5 6
E 22 68 5
E 44 68 5
E 44 152 5
E 44 6 6
E 22 146 5
E 44 148 6
E 44 89 5
E 44 146 6
E 44 5 6
E 79 70 5
E 79 102 5
E 57 6 6
E 57 123 5
E 79 148 6
E 57 89 6
E 57 152 5
E 79 5 6
E 57 68 5
E 79 6 5
E 57 102 5
E 79 152 6
E 79 89 5
E 102 5 5
E 102 68 6
E 102 123 6
E 102 6 5
E 102 89 5
E 102 148 6
E 102 146 5
E 102 70 6
E 102 135 5
E 102 152 5
E 70 148 5
E 68 148 6
E 70 135 6
E 68 146 5
E 70 152 5
E 70 89 6
E 68 89 5
E 70 5 5
E 68 135 5
E 68 5 6
E 68 6 5
E 70 6 5
E 68 152 6
E 123 135 6
E 5 148 5
E 5 89 6
E 123 148 5
E 152 89 6
E 123 146 6
E 123 89 6
E 5 6 5
E 152 148 5
E 5 146 5
E 123 6 6
E 152 146 6
E 5 135 5
E 89 135 5
E 89 146 5
E 89 148 5
E 89 6 6
E 135 148 5
E 6 148 5
E 146 148 5
