H 144 667 1
E 127 78 5
E 127 20 5
E 127 119 5
E 20 127 5
E 22 37 5
E 22 105 5
E 22 78 5
E 128 22 5
E 105 119 5
E 105 22 5
E 105 20 5
E 128 105 5
E 78 105 5
E 78 37 5
E 78 20 5
E 128 78 5
E 128 105 5
E 128 37 5
E 128 78 5
E 78 128 5
E 43 78 5
E 43 20 5
E 43 127 5
E 22 43 5
E 20 105 5
E 20 43 5
E 20 127 5
E 128 20 5
E 119 128 5
E 119 78 5
E 119 22 5
E 20 119 5
E 37 127 5
E 37 22 5
E 37 43 5
E 22 37 5
E 81 89 5
E 81 140 5
E 81 25 5
E 89 81 5
E 111 137 5
E 111 140 5
E 111 89 5
E 137 111 5
E 25 81 5
E 25 67 5
E 25 89 5
E 137 25 5
E 140 81 5
E 140 137 5
E 140 67 5
E 89 140 5
E 67 89 5
E 67 81 5
E 67 140 5
E 25 67 5
E 89 111 5
E 89 67 5
E 89 81 5
E 137 89 5
E 137 67 5
E 137 89 5
E 137 140 5
E 81 137 5
E 47 19 5
E 47 110 5
E 47 27 5
E 38 47 5
E 112 125 5
E 112 110 5
E 112 27 5
E 47 112 5
E 27 19 5
E 27 3 5
E 27 125 5
E 38 27 5
E 19 51 5
E 19 112 5
E 19 27 5
E 112 19 5
E 110 47 5
E 110 38 5
E 110 19 5
E 3 110 5
E 51 112 5
E 51 3 5
E 51 47 5
E 27 51 5
E 125 27 5
E 125 3 5
E 125 51 5
E 112 125 5
E 38 19 5
E 38 51 5
E 38 47 5
E 125 38 5
E 3 112 5
E 3 27 5
E 3 19 5
E 51 3 5
E 79 73 5
E 79 28 5
E 79 84 5
E 142 79 5
E 73 14 5
E 73 79 5
E 73 135 5
E 79 73 5
E 142 73 5
E 142 84 5
E 142 14 5
E 14 142 5
E 14 73 5
E 14 28 5
E 14 135 5
E 142 14 5
E 84 142 5
E 84 120 5
E 84 135 5
E 120 84 5
E 120 84 5
E 120 135 5
E 120 14 5
E 14 120 5
E 135 84 5
E 135 73 5
E 135 120 5
E 79 135 5
E 28 135 5
E 28 14 5
E 28 79 5
E 73 28 5
E 95 12 5
E 95 40 5
E 95 39 5
E 106 95 5
E 76 94 5
E 76 39 5
E 76 106 5
E 95 76 5
E 107 10 5
E 107 2 5
E 107 7 5
E 76 107 5
E 106 39 5
E 106 7 5
E 106 10 5
E 10 106 5
E 10 94 5
E 10 106 5
E 10 31 5
E 12 10 5
E 94 31 5
E 94 12 5
E 94 106 5
E 39 94 5
E 2 10 5
E 2 31 5
E 2 95 5
E 94 2 5
E 39 2 5
E 39 12 5
E 39 95 5
E 76 39 5
E 12 39 5
E 12 10 5
E 12 2 5
E 94 12 5
E 31 2 5
E 31 106 5
E 31 40 5
E 76 31 5
E 40 95 5
E 40 76 5
E 40 39 5
E 106 40 5
E 7 2 5
E 7 40 5
E 7 39 5
E 95 7 5
E 52 74 5
E 52 49 5
E 52 58 5
E 50 52 5
E 122 29 5
E 122 49 5
E 122 50 5
E 60 122 5
E 21 52 5
E 21 58 5
E 21 29 5
E 122 21 5
E 74 32 5
E 74 29 5
E 74 16 5
E 60 74 5
E 60 21 5
E 60 50 5
E 60 122 5
E 122 60 5
E 29 50 5
E 29 52 5
E 29 60 5
E 50 29 5
E 113 60 5
E 113 29 5
E 113 58 5
E 29 113 5
E 49 16 5
E 49 21 5
E 49 58 5
E 113 49 5
E 50 52 5
E 50 58 5
E 50 49 5
E 52 50 5
E 32 16 5
E 32 113 5
E 32 74 5
E 60 32 5
E 16 49 5
E 16 32 5
E 16 50 5
E 50 16 5
E 58 29 5
E 58 50 5
E 58 49 5
E 52 58 5
E 134 118 5
E 134 34 5
E 134 132 5
E 132 134 5
E 132 109 5
E 132 34 5
E 132 85 5
E 34 132 5
E 85 118 5
E 85 134 5
E 85 34 5
E 34 85 5
E 34 82 5
E 34 132 5
E 34 85 5
E 109 34 5
E 118 82 5
E 118 132 5
E 118 85 5
E 82 118 5
E 109 132 5
E 109 134 5
E 109 85 5
E 82 109 5
E 82 34 5
E 82 132 5
E 82 109 5
E 85 82 5
E 44 121 5
E 44 11 5
E 44 139 5
E 104 44 5
E 11 129 5
E 11 121 5
E 11 139 5
E 121 11 5
E 139 44 5
E 139 121 5
E 139 11 5
E 129 139 5
E 129 104 5
E 129 11 5
E 129 44 5
E 11 129 5
E 104 121 5
E 104 44 5
E 104 11 5
E 129 104 5
E 121 129 5
E 121 104 5
E 121 139 5
E 129 121 5
E 55 57 5
E 55 41 5
E 55 15 5
E 41 55 5
E 41 57 5
E 41 138 5
E 41 15 5
E 57 41 5
E 57 41 5
E 57 138 5
E 57 15 5
E 55 57 5
E 138 57 5
E 138 15 5
E 138 55 5
E 57 138 5
E 15 41 5
E 15 55 5
E 15 57 5
E 41 15 5
E 48 24 5
E 48 65 5
E 48 53 5
E 53 48 5
E 65 98 5
E 65 48 5
E 65 130 5
E 24 65 5
E 53 98 5
E 53 65 5
E 53 48 5
E 24 53 5
E 130 98 5
E 130 53 5
E 130 65 5
E 24 130 5
E 98 48 5
E 98 65 5
E 98 130 5
E 130 98 5
E 24 65 5
E 24 130 5
E 24 48 5
E 53 24 5
E 117 59 5
E 117 103 5
E 117 123 5
E 33 117 5
E 59 117 5
E 59 103 5
E 59 123 5
E 103 59 5
E 123 117 5
E 123 103 5
E 123 35 5
E 33 123 5
E 33 35 5
E 33 117 5
E 33 59 5
E 117 33 5
E 103 59 5
E 103 35 5
E 103 123 5
E 123 103 5
E 35 117 5
E 35 33 5
E 35 123 5
E 103 35 5
E 23 136 5
E 23 131 5
E 23 83 5
E 131 23 5
E 136 23 5
E 136 91 5
E 136 83 5
E 23 136 5
E 91 136 5
E 91 83 5
E 91 131 5
E 23 91 5
E 83 136 5
E 83 91 5
E 83 131 5
E 136 83 5
E 131 83 5
E 131 91 5
E 131 136 5
E 23 131 5
E 62 4 5
E 62 18 5
E 62 70 5
E 124 62 5
E 124 70 5
E 124 62 5
E 124 18 5
E 62 124 5
E 4 62 5
E 4 124 5
E 4 18 5
E 124 4 5
E 18 124 5
E 18 62 5
E 18 4 5
E 70 18 5
E 70 62 5
E 70 124 5
E 70 4 5
E 4 70 5
E 68 141 5
E 68 36 5
E 68 87 5
E 87 68 5
E 114 63 5
E 114 87 5
E 114 69 5
E 54 114 5
E 69 63 5
E 69 54 5
E 69 86 5
E 141 69 5
E 87 54 5
E 87 86 5
E 87 46 5
E 54 87 5
E 45 141 5
E 45 68 5
E 45 114 5
E 114 45 5
E 54 36 5
E 54 86 5
E 54 87 5
E 46 54 5
E 63 86 5
E 63 69 5
E 63 45 5
E 36 63 5
E 36 68 5
E 36 63 5
E 36 87 5
E 86 36 5
E 141 63 5
E 141 46 5
E 141 114 5
E 36 141 5
E 86 141 5
E 86 114 5
E 86 46 5
E 45 86 5
E 46 141 5
E 46 87 5
E 46 86 5
E 54 46 5
E 61 97 5
E 61 13 5
E 61 80 5
E 102 61 5
E 13 80 5
E 13 61 5
E 13 100 5
E 42 13 5
E 100 13 5
E 100 61 5
E 100 97 5
E 97 100 5
E 80 13 5
E 80 42 5
E 80 102 5
E 102 80 5
E 102 97 5
E 102 13 5
E 102 42 5
E 80 102 5
E 42 80 5
E 42 100 5
E 42 102 5
E 102 42 5
E 97 100 5
E 97 61 5
E 97 13 5
E 13 97 5
E 77 133 5
E 77 9 5
E 77 26 5
E 116 77 5
E 133 6 5
E 133 96 5
E 133 0 5
E 77 133 5
E 26 96 5
E 26 133 5
E 26 9 5
E 96 26 5
E 0 96 5
E 0 72 5
E 0 77 5
E 116 0 5
E 6 133 5
E 6 96 5
E 6 0 5
E 9 6 5
E 9 26 5
E 9 6 5
E 9 77 5
E 133 9 5
E 96 116 5
E 96 133 5
E 96 26 5
E 77 96 5
E 116 72 5
E 116 0 5
E 116 6 5
E 96 116 5
E 72 0 5
E 72 26 5
E 72 77 5
E 26 72 5
E 143 115 5
E 143 101 5
E 143 126 5
E 101 143 5
E 115 93 5
E 115 30 5
E 115 126 5
E 126 115 5
E 93 101 5
E 93 115 5
E 93 126 5
E 115 93 5
E 126 5 5
E 126 115 5
E 126 143 5
E 115 126 5
E 101 30 5
E 101 143 5
E 101 93 5
E 30 101 5
E 5 115 5
E 5 143 5
E 5 93 5
E 143 5 5
E 30 101 5
E 30 126 5
E 30 115 5
E 93 30 5
E 108 1 5
E 108 90 5
E 108 71 5
E 90 108 5
E 90 1 5
E 90 108 5
E 90 71 5
E 108 90 5
E 1 71 5
E 1 108 5
E 1 90 5
E 71 1 5
E 71 1 5
E 71 90 5
E 71 108 5
E 1 71 5
E 75 64 5
E 75 56 5
E 75 17 5
E 8 75 5
E 92 8 5
E 92 64 5
E 92 17 5
E 64 92 5
E 8 92 5
E 8 56 5
E 8 99 5
E 64 8 5
E 17 75 5
E 17 56 5
E 17 99 5
E 56 17 5
E 64 8 5
E 64 99 5
E 64 88 5
E 17 64 5
E 56 92 5
E 56 17 5
E 56 75 5
E 99 56 5
E 99 64 5
E 99 88 5
E 99 56 5
E 92 99 5
E 88 92 5
E 88 17 5
E 88 75 5
E 8 88 5
E 119 51 5
E 119 3 5
E 119 67 5
E 22 71 5
E 43 126 5
E 81 34 5
E 111 116 5
E 81 8 5
E 111 1 5
E 137 4 5
E 47 61 5
E 27 83 5
E 112 87 5
E 3 66 5
E 47 135 5
E 14 62 5
E 120 66 5
E 79 94 5
E 142 53 5
E 142 109 5
E 12 24 5
E 39 93 5
E 31 54 5
E 107 57 5
E 94 72 5
E 50 126 5
E 50 123 5
E 21 93 5
E 49 35 5
E 113 80 5
E 82 141 5
E 82 53 5
E 109 35 5
E 132 100 5
E 118 8 5
E 121 126 5
E 121 99 5
E 139 17 5
E 104 131 5
E 129 30 5
E 41 133 5
E 41 48 5
E 41 88 5
E 15 101 5
E 57 108 5
E 65 80 5
E 24 13 5
E 48 115 5
E 24 123 5
E 98 87 5
E 103 18 5
E 35 45 5
E 123 61 5
E 59 91 5
E 123 62 5
E 131 97 5
E 83 26 5
E 131 66 5
E 136 99 5
E 83 66 5
E 70 86 5
E 62 90 5
E 18 30 5
E 62 88 5
E 124 30 5
E 45 88 5
E 69 6 5
E 114 71 5
E 68 71 5
E 114 88 5
E 66 115 5
E 66 100 5
E 66 99 5
E 66 5 5
E 66 92 5
E 80 64 5
E 102 1 5
E 61 90 5
E 13 75 5
E 13 115 5
E 96 92 5
E 96 90 5
E 96 93 5
E 116 17 5
E 9 126 5
E 143 88 5
E 101 90 5
E 30 71 5
E 30 88 5
E 115 56 5
E 108 99 5
E 71 75 5
E 71 92 5
E 1 56 5
E 71 56 5
