H 732 1803 1
E 609 396 0
E 396 609 0
E 396 609 0
E 609 396 0
E 179 553 0
E 553 179 0
E 553 179 0
E 179 553 0
E 484 120 0
E 120 484 0
E 120 484 0
E 484 120 0
E 641 287 0
E 641 638 0
E 287 641 0
E 287 641 0
E 287 638 0
E 638 287 0
E 638 641 0
E 638 287 0
E 641 638 0
E 144 650 0
E 650 144 0
E 650 144 0
E 144 650 0
E 395 447 0
E 447 395 0
E 447 395 0
E 395 447 0
E 416 9 0
E 9 416 0
E 9 416 0
E 416 9 0
E 501 690 0
E 690 501 0
E 690 501 0
E 501 690 0
E 1 666 0
E 666 1 0
E 666 1 0
E 1 666 0
E 221 393 0
E 221 535 0
E 393 221 0
E 393 221 0
E 393 535 0
E 535 393 0
E 535 221 0
E 535 393 0
E 221 535 0
E 432 521 0
E 432 129 0
E 521 432 0
E 521 432 0
E 521 129 0
E 129 521 0
E 129 432 0
E 129 521 0
E 432 129 0
E 59 589 0
E 589 59 0
E 589 59 0
E 59 589 0
E 653 241 0
E 653 185 0
E 185 653 0
E 241 653 0
E 241 185 0
E 185 241 0
E 185 653 0
E 185 241 0
E 653 185 0
E 186 71 0
E 71 186 0
E 71 186 0
E 186 71 0
E 461 665 0
E 665 461 0
E 665 461 0
E 461 665 0
E 365 222 0
E 222 365 0
E 222 365 0
E 365 222 0
E 725 486 0
E 486 725 0
E 486 725 0
E 725 486 0
E 696 213 0
E 213 696 0
E 213 696 0
E 696 213 0
E 162 583 0
E 583 162 0
E 583 162 0
E 162 583 0
E 503 182 0
E 182 503 0
E 182 503 0
E 503 182 0
E 178 65 0
E 65 178 0
E 65 178 0
E 178 65 0
E 102 499 0
E 499 102 0
E 499 102 0
E 102 499 0
E 331 346 0
E 346 331 0
E 346 331 0
E 331 346 0
E 717 51 0
E 51 717 0
E 51 717 0
E 717 51 0
E 137 305 0
E 137 615 0
E 615 137 0
E 305 137 0
E 305 615 0
E 615 305 0
E 615 137 0
E 615 305 0
E 137 615 0
E 728 279 0
E 279 728 0
E 279 728 0
E 728 279 0
E 596 313 0
E 596 482 0
E 313 596 0
E 313 596 0
E 313 482 0
E 482 313 0
E 482 596 0
E 482 313 0
E 313 482 0
E 592 411 0
E 592 370 0
E 411 592 0
E 411 592 0
E 411 370 0
E 370 411 0
E 370 592 0
E 370 411 0
E 592 370 0
E 299 481 0
E 481 299 0
E 481 299 0
E 299 481 0
E 632 601 0
E 601 632 0
E 601 632 0
E 632 601 0
E 317 480 0
E 480 317 0
E 480 317 0
E 317 480 0
E 600 658 0
E 658 600 0
E 658 600 0
E 600 658 0
E 171 568 0
E 171 164 0
E 164 171 0
E 568 171 0
E 568 164 0
E 164 568 0
E 164 171 0
E 164 568 0
E 568 164 0
E 39 438 0
E 438 39 0
E 438 39 0
E 39 438 0
E 403 169 0
E 403 283 0
E 169 403 0
E 169 403 0
E 169 283 0
E 283 169 0
E 283 403 0
E 283 169 0
E 403 283 0
E 226 54 0
E 54 226 0
E 54 226 0
E 226 54 0
E 167 366 0
E 366 167 0
E 366 167 0
E 167 366 0
E 394 724 0
E 724 394 0
E 724 394 0
E 394 724 0
E 622 197 0
E 197 622 0
E 197 622 0
E 622 197 0
E 203 210 0
E 210 203 0
E 210 203 0
E 203 210 0
E 357 530 0
E 530 357 0
E 530 357 0
E 357 530 0
E 18 236 0
E 236 18 0
E 236 18 0
E 18 236 0
E 656 290 0
E 290 656 0
E 290 656 0
E 656 290 0
E 296 627 0
E 627 296 0
E 627 296 0
E 296 627 0
E 135 571 0
E 571 135 0
E 571 135 0
E 135 571 0
E 348 44 0
E 44 348 0
E 44 348 0
E 348 44 0
E 114 511 0
E 511 114 0
E 511 114 0
E 114 511 0
E 669 184 0
E 184 669 0
E 184 669 0
E 669 184 0
E 456 154 0
E 154 456 0
E 154 456 0
E 456 154 0
E 249 413 0
E 249 646 0
E 646 249 0
E 413 249 0
E 413 646 0
E 646 413 0
E 646 249 0
E 646 413 0
E 413 646 0
E 488 450 0
E 488 590 0
E 488 721 0
E 450 488 0
E 721 450 0
E 721 488 0
E 721 590 0
E 488 721 0
E 450 721 0
E 450 590 0
E 450 488 0
E 488 450 0
E 590 450 0
E 590 488 0
E 590 721 0
E 488 590 0
E 3 377 0
E 377 3 0
E 377 3 0
E 3 377 0
E 624 97 0
E 97 624 0
E 97 624 0
E 624 97 0
E 506 667 0
E 667 506 0
E 667 506 0
E 506 667 0
E 302 49 0
E 49 302 0
E 49 302 0
E 302 49 0
E 166 543 0
E 543 166 0
E 543 166 0
E 166 543 0
E 32 168 0
E 168 32 0
E 168 32 0
E 32 168 0
E 722 196 0
E 196 722 0
E 196 722 0
E 722 196 0
E 574 407 0
E 407 574 0
E 407 574 0
E 574 407 0
E 256 701 0
E 701 256 0
E 701 256 0
E 256 701 0
E 640 349 0
E 349 640 0
E 349 640 0
E 640 349 0
E 462 507 0
E 507 462 0
E 507 462 0
E 462 507 0
E 89 371 0
E 371 89 0
E 371 89 0
E 89 371 0
E 608 714 0
E 608 626 0
E 714 608 0
E 714 608 0
E 714 626 0
E 608 714 0
E 626 608 0
E 626 714 0
E 714 626 0
E 597 685 0
E 685 597 0
E 685 597 0
E 597 685 0
E 458 469 0
E 469 458 0
E 469 458 0
E 458 469 0
E 651 372 0
E 372 651 0
E 372 651 0
E 651 372 0
E 150 79 0
E 150 706 0
E 79 150 0
E 79 150 0
E 79 706 0
E 706 79 0
E 706 150 0
E 706 79 0
E 79 706 0
E 384 173 0
E 173 384 0
E 173 384 0
E 384 173 0
E 282 708 0
E 708 282 0
E 708 282 0
E 282 708 0
E 306 465 0
E 465 306 0
E 465 306 0
E 306 465 0
E 258 262 0
E 262 258 0
E 262 258 0
E 258 262 0
E 463 124 0
E 124 463 0
E 124 463 0
E 463 124 0
E 634 363 0
E 363 634 0
E 363 634 0
E 634 363 0
E 573 103 0
E 573 148 0
E 573 233 0
E 103 573 0
E 148 103 0
E 148 573 0
E 148 233 0
E 103 148 0
E 233 103 0
E 233 573 0
E 233 148 0
E 103 233 0
E 103 148 0
E 103 233 0
E 103 573 0
E 233 103 0
E 691 110 0
E 110 691 0
E 110 691 0
E 691 110 0
E 526 602 0
E 602 526 0
E 602 526 0
E 526 602 0
E 633 479 0
E 479 633 0
E 479 633 0
E 633 479 0
E 534 354 0
E 354 534 0
E 354 534 0
E 534 354 0
E 466 358 0
E 358 466 0
E 358 466 0
E 466 358 0
E 42 431 0
E 431 42 0
E 431 42 0
E 42 431 0
E 225 682 0
E 682 225 0
E 682 225 0
E 225 682 0
E 172 379 0
E 172 522 0
E 379 172 0
E 379 172 0
E 379 522 0
E 172 379 0
E 522 172 0
E 522 379 0
E 172 522 0
E 516 4 0
E 4 516 0
E 4 516 0
E 516 4 0
E 472 131 0
E 131 472 0
E 131 472 0
E 472 131 0
E 118 618 0
E 618 118 0
E 618 118 0
E 118 618 0
E 143 381 0
E 381 143 0
E 381 143 0
E 143 381 0
E 72 180 0
E 180 72 0
E 180 72 0
E 72 180 0
E 459 554 0
E 554 459 0
E 554 459 0
E 459 554 0
E 570 711 0
E 711 570 0
E 711 570 0
E 570 711 0
E 623 688 0
E 623 29 0
E 688 623 0
E 688 623 0
E 688 29 0
E 29 688 0
E 29 623 0
E 29 688 0
E 688 29 0
E 628 322 0
E 322 628 0
E 322 628 0
E 628 322 0
E 542 548 0
E 548 542 0
E 548 542 0
E 542 548 0
E 174 545 0
E 545 174 0
E 545 174 0
E 174 545 0
E 504 219 0
E 219 504 0
E 219 504 0
E 504 219 0
E 575 557 0
E 557 575 0
E 557 575 0
E 575 557 0
E 700 134 0
E 134 700 0
E 134 700 0
E 700 134 0
E 247 645 0
E 645 247 0
E 645 247 0
E 247 645 0
E 230 175 0
E 175 230 0
E 175 230 0
E 230 175 0
E 474 587 0
E 587 474 0
E 587 474 0
E 474 587 0
E 101 100 0
E 101 397 0
E 397 101 0
E 100 101 0
E 100 397 0
E 101 100 0
E 397 101 0
E 397 100 0
E 100 397 0
E 224 500 0
E 500 224 0
E 500 224 0
E 224 500 0
E 606 109 0
E 109 606 0
E 109 606 0
E 606 109 0
E 382 177 0
E 177 382 0
E 177 382 0
E 382 177 0
E 38 293 0
E 293 38 0
E 293 38 0
E 38 293 0
E 93 308 0
E 308 93 0
E 308 93 0
E 93 308 0
E 436 616 0
E 616 436 0
E 616 436 0
E 436 616 0
E 555 122 0
E 122 555 0
E 122 555 0
E 555 122 0
E 356 607 0
E 607 356 0
E 607 356 0
E 356 607 0
E 440 659 0
E 659 440 0
E 659 440 0
E 440 659 0
E 485 231 0
E 231 485 0
E 231 485 0
E 485 231 0
E 36 452 0
E 452 36 0
E 452 36 0
E 36 452 0
E 63 325 0
E 325 63 0
E 325 63 0
E 63 325 0
E 52 311 0
E 311 52 0
E 311 52 0
E 52 311 0
E 112 338 0
E 338 112 0
E 338 112 0
E 112 338 0
E 676 531 0
E 531 676 0
E 531 676 0
E 676 531 0
E 270 96 0
E 96 270 0
E 96 270 0
E 270 96 0
E 271 519 0
E 271 443 0
E 443 271 0
E 519 271 0
E 519 443 0
E 443 519 0
E 443 271 0
E 443 519 0
E 271 443 0
E 261 139 0
E 139 261 0
E 139 261 0
E 261 139 0
E 193 581 0
E 193 421 0
E 421 193 0
E 581 193 0
E 581 421 0
E 193 581 0
E 421 193 0
E 421 581 0
E 193 421 0
E 639 244 0
E 639 45 0
E 639 418 0
E 45 639 0
E 244 418 0
E 244 639 0
E 244 45 0
E 45 244 0
E 418 639 0
E 418 45 0
E 418 244 0
E 45 418 0
E 45 639 0
E 45 418 0
E 45 244 0
E 244 45 0
E 297 729 0
E 729 297 0
E 729 297 0
E 297 729 0
E 674 352 0
E 352 674 0
E 352 674 0
E 674 352 0
E 204 33 0
E 33 204 0
E 33 204 0
E 204 33 0
E 518 82 0
E 82 518 0
E 82 518 0
E 518 82 0
E 319 578 0
E 319 53 0
E 578 319 0
E 578 319 0
E 578 53 0
E 319 578 0
E 53 319 0
E 53 578 0
E 319 53 0
E 475 538 0
E 538 475 0
E 538 475 0
E 475 538 0
E 83 668 0
E 668 83 0
E 668 83 0
E 83 668 0
E 451 0 0
E 0 451 0
E 0 451 0
E 451 0 0
E 390 50 0
E 390 619 0
E 619 390 0
E 50 390 0
E 50 619 0
E 390 50 0
E 619 390 0
E 619 50 0
E 50 619 0
E 586 310 0
E 586 144 0
E 61 90 0
E 61 202 0
E 591 66 0
E 591 67 0
E 609 242 0
E 609 473 0
E 467 94 0
E 467 687 0
E 253 672 0
E 253 504 0
E 660 603 0
E 660 727 0
E 179 727 0
E 179 290 0
E 483 52 0
E 483 498 0
E 120 77 0
E 484 342 0
E 234 679 0
E 234 44 0
E 160 281 0
E 160 671 0
E 693 232 0
E 693 259 0
E 136 350 0
E 136 156 0
E 638 707 0
E 287 727 0
E 498 478 0
E 498 421 0
E 90 140 0
E 90 682 0
E 692 126 0
E 692 122 0
E 303 289 0
E 303 155 0
E 551 258 0
E 551 158 0
E 144 622 0
E 650 478 0
E 367 151 0
E 367 230 0
E 205 558 0
E 205 409 0
E 509 613 0
E 509 399 0
E 447 455 0
E 447 599 0
E 34 62 0
E 34 206 0
E 426 664 0
E 426 222 0
E 9 140 0
E 9 85 0
E 285 534 0
E 285 718 0
E 490 278 0
E 490 4 0
E 501 182 0
E 690 351 0
E 528 560 0
E 528 138 0
E 666 500 0
E 666 477 0
E 644 236 0
E 644 256 0
E 67 457 0
E 67 671 0
E 309 496 0
E 309 322 0
E 248 648 0
E 248 48 0
E 647 445 0
E 647 537 0
E 221 630 0
E 393 698 0
E 409 131 0
E 409 662 0
E 385 593 0
E 385 10 0
E 250 361 0
E 250 259 0
E 521 564 0
E 129 531 0
E 59 182 0
E 59 128 0
E 255 51 0
E 255 496 0
E 417 152 0
E 417 577 0
E 209 21 0
E 209 321 0
E 22 578 0
E 22 324 0
E 562 726 0
E 562 122 0
E 709 126 0
E 709 404 0
E 670 429 0
E 670 286 0
E 145 471 0
E 145 28 0
E 654 92 0
E 654 554 0
E 199 216 0
E 199 66 0
E 156 310 0
E 156 62 0
E 423 451 0
E 423 224 0
E 185 27 0
E 241 262 0
E 7 522 0
E 7 421 0
E 580 50 0
E 580 149 0
E 718 663 0
E 718 547 0
E 376 508 0
E 376 40 0
E 726 537 0
E 726 130 0
E 92 16 0
E 92 316 0
E 71 98 0
E 186 661 0
E 508 548 0
E 508 202 0
E 335 602 0
E 335 315 0
E 461 327 0
E 665 452 0
E 420 538 0
E 420 486 0
E 533 111 0
E 533 265 0
E 266 598 0
E 266 147 0
E 730 406 0
E 730 635 0
E 37 194 0
E 37 564 0
E 222 725 0
E 365 289 0
E 725 697 0
E 486 407 0
E 23 656 0
E 23 371 0
E 696 154 0
E 213 375 0
E 155 282 0
E 155 446 0
E 727 200 0
E 727 173 0
E 583 671 0
E 583 247 0
E 190 672 0
E 190 617 0
E 31 410 0
E 31 630 0
E 544 433 0
E 544 707 0
E 603 478 0
E 603 296 0
E 76 336 0
E 76 454 0
E 312 350 0
E 312 418 0
E 404 606 0
E 404 391 0
E 292 132 0
E 292 465 0
E 73 496 0
E 73 304 0
E 70 295 0
E 70 66 0
E 503 20 0
E 503 157 0
E 178 98 0
E 65 652 0
E 102 320 0
E 499 112 0
E 331 334 0
E 346 631 0
E 435 173 0
E 435 217 0
E 51 619 0
E 51 442 0
E 217 15 0
E 217 298 0
E 698 126 0
E 698 349 0
E 137 344 0
E 615 515 0
E 549 529 0
E 549 246 0
E 430 227 0
E 430 33 0
E 408 540 0
E 408 389 0
E 386 300 0
E 386 515 0
E 279 54 0
E 279 496 0
E 313 495 0
E 596 235 0
E 611 109 0
E 611 669 0
E 252 471 0
E 252 540 0
E 355 132 0
E 355 64 0
E 502 347 0
E 502 105 0
E 12 406 0
E 12 41 0
E 343 485 0
E 343 414 0
E 558 223 0
E 558 554 0
E 339 329 0
E 339 694 0
E 550 275 0
E 550 265 0
E 411 569 0
E 370 380 0
E 299 613 0
E 299 510 0
E 584 314 0
E 584 540 0
E 125 295 0
E 125 662 0
E 601 412 0
E 601 530 0
E 194 302 0
E 194 434 0
E 192 219 0
E 192 153 0
E 630 25 0
E 630 131 0
E 529 624 0
E 529 491 0
E 399 429 0
E 399 380 0
E 585 518 0
E 585 98 0
E 353 318 0
E 353 324 0
E 344 176 0
E 344 412 0
E 567 719 0
E 567 298 0
E 87 429 0
E 87 477 0
E 317 470 0
E 480 274 0
E 600 527 0
E 600 576 0
E 164 105 0
E 568 627 0
E 105 300 0
E 105 41 0
E 39 41 0
E 39 392 0
E 170 223 0
E 170 464 0
E 264 276 0
E 264 81 0
E 473 500 0
E 473 273 0
E 115 226 0
E 115 704 0
E 283 304 0
E 283 511 0
E 226 612 0
E 226 468 0
E 715 472 0
E 715 273 0
E 612 4 0
E 612 662 0
E 323 439 0
E 323 80 0
E 280 444 0
E 280 111 0
E 321 511 0
E 321 678 0
E 13 193 0
E 13 296 0
E 720 81 0
E 720 121 0
E 27 703 0
E 27 527 0
E 366 295 0
E 366 448 0
E 200 91 0
E 200 687 0
E 527 265 0
E 527 276 0
E 214 505 0
E 214 56 0
E 64 350 0
E 64 662 0
E 402 243 0
E 402 181 0
E 394 224 0
E 724 140 0
E 197 270 0
E 197 281 0
E 203 614 0
E 210 576 0
E 424 375 0
E 424 457 0
E 442 504 0
E 442 259 0
E 43 198 0
E 43 91 0
E 119 683 0
E 119 504 0
E 6 53 0
E 6 78 0
E 556 116 0
E 556 471 0
E 359 561 0
E 359 434 0
E 713 564 0
E 713 237 0
E 14 389 0
E 14 260 0
E 530 30 0
E 530 689 0
E 582 53 0
E 582 74 0
E 116 381 0
E 116 74 0
E 235 689 0
E 235 108 0
E 191 128 0
E 191 374 0
E 18 704 0
E 18 161 0
E 310 311 0
E 310 624 0
E 495 465 0
E 495 187 0
E 537 572 0
E 537 364 0
E 304 595 0
E 304 268 0
E 149 497 0
E 149 354 0
E 147 128 0
E 147 478 0
E 419 15 0
E 419 33 0
E 290 311 0
E 656 263 0
E 599 334 0
E 599 667 0
E 239 497 0
E 239 46 0
E 683 242 0
E 683 60 0
E 75 616 0
E 75 306 0
E 710 206 0
E 710 378 0
E 277 237 0
E 277 687 0
E 237 259 0
E 237 242 0
E 242 130 0
E 242 159 0
E 341 441 0
E 341 565 0
E 604 163 0
E 604 315 0
E 211 127 0
E 211 157 0
E 627 610 0
E 296 66 0
E 135 180 0
E 571 428 0
E 320 661 0
E 320 157 0
E 66 664 0
E 66 487 0
E 719 649 0
E 719 657 0
E 348 152 0
E 348 566 0
E 594 140 0
E 594 21 0
E 441 128 0
E 441 380 0
E 24 41 0
E 24 141 0
E 114 2 0
E 511 598 0
E 360 29 0
E 360 655 0
E 429 566 0
E 429 134 0
E 130 139 0
E 130 368 0
E 661 330 0
E 661 703 0
E 392 152 0
E 392 60 0
E 184 276 0
E 184 689 0
E 336 138 0
E 336 8 0
E 512 642 0
E 512 10 0
E 77 187 0
E 77 345 0
E 456 405 0
E 154 577 0
E 471 30 0
E 471 694 0
E 514 216 0
E 514 381 0
E 524 84 0
E 524 297 0
E 249 616 0
E 413 201 0
E 327 552 0
E 327 94 0
E 98 268 0
E 98 48 0
E 662 629 0
E 662 613 0
E 450 307 0
E 721 700 0
E 513 345 0
E 513 47 0
E 636 60 0
E 636 55 0
E 455 15 0
E 455 85 0
E 133 17 0
E 133 21 0
E 493 337 0
E 493 389 0
E 377 146 0
E 377 378 0
E 464 83 0
E 464 655 0
E 132 460 0
E 132 89 0
E 624 127 0
E 97 475 0
E 240 5 0
E 240 369 0
E 334 538 0
E 334 302 0
E 86 579 0
E 86 17 0
E 731 4 0
E 731 703 0
E 140 195 0
E 140 340 0
E 361 268 0
E 361 113 0
E 412 547 0
E 412 552 0
E 667 62 0
E 506 677 0
E 228 206 0
E 228 25 0
E 672 8 0
E 672 452 0
E 671 634 0
E 671 674 0
E 21 206 0
E 21 621 0
E 705 574 0
E 705 475 0
E 315 496 0
E 315 457 0
E 598 158 0
E 598 689 0
E 388 28 0
E 388 375 0
E 433 110 0
E 433 522 0
E 505 47 0
E 505 168 0
E 595 263 0
E 595 265 0
E 223 263 0
E 223 358 0
E 347 284 0
E 347 79 0
E 188 491 0
E 188 559 0
E 324 701 0
E 324 288 0
E 316 648 0
E 316 383 0
E 300 55 0
E 300 272 0
E 684 618 0
E 684 291 0
E 138 74 0
E 138 215 0
E 302 383 0
E 302 681 0
E 401 201 0
E 401 555 0
E 703 631 0
E 703 229 0
E 267 232 0
E 267 723 0
E 166 478 0
E 543 552 0
E 680 635 0
E 680 0 0
E 32 520 0
E 32 91 0
E 206 375 0
E 206 84 0
E 5 293 0
E 5 635 0
E 342 48 0
E 342 516 0
E 704 444 0
E 704 257 0
E 295 707 0
E 295 74 0
E 196 74 0
E 722 99 0
E 260 655 0
E 260 532 0
E 547 476 0
E 547 345 0
E 716 523 0
E 716 232 0
E 407 78 0
E 574 163 0
E 121 83 0
E 121 89 0
E 220 288 0
E 220 219 0
E 74 159 0
E 74 655 0
E 701 643 0
E 256 564 0
E 489 126 0
E 489 414 0
E 289 291 0
E 289 448 0
E 212 520 0
E 212 618 0
E 80 573 0
E 80 41 0
E 349 496 0
E 640 400 0
E 497 652 0
E 497 128 0
E 291 165 0
E 291 126 0
E 10 110 0
E 10 216 0
E 40 699 0
E 40 362 0
E 681 619 0
E 681 500 0
E 62 588 0
E 62 427 0
E 142 189 0
E 142 263 0
E 648 48 0
E 648 504 0
E 468 69 0
E 468 523 0
E 507 496 0
E 507 278 0
E 189 449 0
E 189 476 0
E 30 655 0
E 30 560 0
E 614 52 0
E 614 298 0
E 539 227 0
E 539 459 0
E 492 626 0
E 492 337 0
E 294 28 0
E 294 678 0
E 577 301 0
E 577 677 0
E 183 238 0
E 183 474 0
E 48 620 0
E 48 113 0
E 161 689 0
E 161 106 0
E 374 251 0
E 374 516 0
E 89 95 0
E 371 422 0
E 714 352 0
E 626 333 0
E 685 588 0
E 685 157 0
E 458 195 0
E 469 576 0
E 153 19 0
E 153 275 0
E 437 88 0
E 437 314 0
E 678 337 0
E 678 263 0
E 372 679 0
E 372 545 0
E 26 273 0
E 26 410 0
E 202 415 0
E 202 708 0
E 218 587 0
E 218 78 0
E 243 628 0
E 243 11 0
E 532 491 0
E 532 345 0
E 449 557 0
E 449 445 0
E 150 487 0
E 150 708 0
E 605 579 0
E 605 151 0
E 57 4 0
E 57 606 0
E 272 230 0
E 272 453 0
E 414 454 0
E 414 96 0
E 384 17 0
E 384 494 0
E 476 69 0
E 476 565 0
E 282 134 0
E 282 278 0
E 679 687 0
E 679 642 0
E 2 616 0
E 2 631 0
E 104 207 0
E 104 448 0
E 81 531 0
E 81 560 0
E 375 117 0
E 375 631 0
E 288 444 0
E 288 4 0
E 566 541 0
E 566 425 0
E 487 201 0
E 487 723 0
E 465 28 0
E 306 337 0
E 629 94 0
E 629 330 0
E 625 560 0
E 625 328 0
E 434 707 0
E 434 251 0
E 368 307 0
E 368 621 0
E 246 41 0
E 246 151 0
E 258 356 0
E 258 16 0
E 387 523 0
E 387 108 0
E 124 538 0
E 463 618 0
E 560 208 0
E 560 326 0
E 673 297 0
E 673 491 0
E 552 16 0
E 552 47 0
E 410 60 0
E 410 575 0
E 642 216 0
E 642 278 0
E 268 546 0
E 268 45 0
E 391 657 0
E 391 439 0
E 610 284 0
E 610 477 0
E 695 208 0
E 695 522 0
E 634 576 0
E 363 389 0
E 689 123 0
E 689 126 0
E 677 618 0
E 677 380 0
E 117 141 0
E 117 389 0
E 233 687 0
E 573 314 0
E 569 263 0
E 569 700 0
E 523 477 0
E 523 187 0
E 232 389 0
E 232 479 0
E 107 515 0
E 107 688 0
E 20 526 0
E 20 561 0
E 694 326 0
E 694 373 0
E 11 531 0
E 11 131 0
E 444 364 0
E 444 500 0
E 364 172 0
E 364 181 0
E 123 439 0
E 123 682 0
E 110 85 0
E 691 369 0
E 602 406 0
E 526 215 0
E 479 139 0
E 479 68 0
E 207 28 0
E 207 664 0
E 47 563 0
E 47 332 0
E 126 17 0
E 126 525 0
E 631 425 0
E 631 29 0
E 276 108 0
E 276 711 0
E 534 28 0
E 534 470 0
E 707 635 0
E 707 8 0
E 445 649 0
E 445 422 0
E 60 652 0
E 60 42 0
E 546 400 0
E 546 540 0
E 428 227 0
E 428 575 0
E 540 436 0
E 540 187 0
E 617 46 0
E 617 421 0
E 643 329 0
E 643 637 0
E 466 99 0
E 466 563 0
E 42 58 0
E 431 345 0
E 225 198 0
E 682 332 0
E 522 453 0
E 522 390 0
E 576 362 0
E 576 712 0
E 702 298 0
E 702 459 0
E 19 245 0
E 19 453 0
E 406 68 0
E 406 460 0
E 380 362 0
E 380 99 0
E 516 15 0
E 4 17 0
E 472 340 0
E 131 94 0
E 564 475 0
E 564 163 0
E 536 436 0
E 536 587 0
E 127 259 0
E 127 314 0
E 618 254 0
E 618 390 0
E 195 563 0
E 195 453 0
E 389 427 0
E 389 500 0
E 381 15 0
E 381 588 0
E 180 25 0
E 180 69 0
E 398 415 0
E 398 700 0
E 554 635 0
E 459 620 0
E 711 545 0
E 711 328 0
E 128 229 0
E 128 85 0
E 29 227 0
E 688 244 0
E 525 340 0
E 525 427 0
E 318 263 0
E 318 28 0
E 628 664 0
E 628 448 0
E 259 46 0
E 259 141 0
E 141 477 0
E 141 84 0
E 457 675 0
E 457 271 0
E 227 55 0
E 227 687 0
E 94 606 0
E 94 415 0
E 470 515 0
E 470 373 0
E 542 84 0
E 548 555 0
E 229 639 0
E 229 593 0
E 174 329 0
E 174 427 0
E 369 273 0
E 369 106 0
E 504 254 0
E 504 697 0
E 712 330 0
E 712 95 0
E 557 619 0
E 557 83 0
E 687 181 0
E 687 38 0
E 68 699 0
E 68 187 0
E 15 659 0
E 15 78 0
E 700 500 0
E 700 28 0
E 247 330 0
E 247 663 0
E 216 91 0
E 216 390 0
E 58 158 0
E 58 269 0
E 275 520 0
E 275 337 0
E 55 274 0
E 55 356 0
E 254 301 0
E 254 146 0
E 561 25 0
E 561 270 0
E 448 351 0
E 448 198 0
E 181 56 0
E 181 158 0
E 230 257 0
E 175 8 0
E 474 452 0
E 474 238 0
E 572 425 0
E 572 588 0
E 165 555 0
E 165 616 0
E 563 657 0
E 563 510 0
E 478 163 0
E 478 270 0
E 100 477 0
E 101 699 0
E 477 35 0
E 477 53 0
E 613 427 0
E 613 541 0
E 95 657 0
E 95 579 0
E 686 36 0
E 686 301 0
E 281 274 0
E 281 263 0
E 500 112 0
E 500 157 0
E 496 697 0
E 496 494 0
E 106 649 0
E 106 565 0
E 238 663 0
E 238 425 0
E 351 208 0
E 351 326 0
E 510 112 0
E 510 330 0
E 113 555 0
E 113 325 0
E 109 330 0
E 109 17 0
E 405 415 0
E 405 494 0
E 350 579 0
E 350 269 0
E 382 520 0
E 382 17 0
E 158 311 0
E 158 559 0
E 111 515 0
E 111 637 0
E 425 421 0
E 425 418 0
E 362 655 0
E 362 378 0
E 422 84 0
E 422 559 0
E 301 270 0
E 301 345 0
E 38 340 0
E 38 69 0
E 415 578 0
E 415 28 0
E 78 373 0
E 78 620 0
E 84 675 0
E 84 263 0
E 163 439 0
E 163 257 0
E 257 244 0
E 257 619 0
E 588 298 0
E 588 520 0
E 93 664 0
E 93 56 0
E 616 446 0
E 436 251 0
E 723 378 0
E 723 668 0
E 446 244 0
E 446 152 0
E 122 56 0
E 122 278 0
E 278 176 0
E 278 697 0
E 99 593 0
E 99 319 0
E 28 201 0
E 28 699 0
E 176 17 0
E 176 668 0
E 637 427 0
E 637 520 0
E 607 475 0
E 356 88 0
E 330 307 0
E 330 16 0
E 35 204 0
E 35 284 0
E 659 565 0
E 440 284 0
E 657 531 0
E 657 286 0
E 655 531 0
E 655 652 0
E 273 307 0
E 273 151 0
E 345 208 0
E 345 333 0
E 621 332 0
E 621 69 0
E 245 383 0
E 245 332 0
E 208 649 0
E 208 515 0
E 491 697 0
E 491 439 0
E 559 452 0
E 559 286 0
E 664 652 0
E 664 307 0
E 88 337 0
E 88 635 0
E 231 187 0
E 231 452 0
E 16 82 0
E 16 427 0
E 36 152 0
E 452 8 0
E 517 578 0
E 517 378 0
E 201 340 0
E 201 85 0
E 41 91 0
E 41 198 0
E 17 383 0
E 17 352 0
E 699 649 0
E 699 25 0
E 151 378 0
E 151 314 0
E 325 265 0
E 63 261 0
E 515 82 0
E 515 326 0
E 69 579 0
E 69 311 0
E 46 676 0
E 46 326 0
E 274 593 0
E 274 284 0
E 675 91 0
E 675 451 0
E 593 307 0
E 593 270 0
E 311 620 0
E 52 427 0
E 427 251 0
E 427 649 0
E 326 159 0
E 326 373 0
E 112 439 0
E 112 352 0
E 85 390 0
E 85 649 0
E 454 286 0
E 454 475 0
E 25 251 0
E 25 697 0
E 676 439 0
E 531 298 0
E 340 383 0
E 340 307 0
E 146 439 0
E 146 565 0
E 270 265 0
E 270 494 0
E 620 108 0
E 620 541 0
E 373 451 0
E 373 284 0
E 520 460 0
E 520 443 0
E 519 390 0
E 519 565 0
E 139 663 0
E 261 439 0
E 193 635 0
E 421 251 0
E 263 251 0
E 263 541 0
E 460 697 0
E 460 328 0
E 328 8 0
E 328 56 0
E 56 697 0
E 56 378 0
E 8 383 0
E 8 518 0
E 579 298 0
E 579 565 0
E 244 494 0
E 639 152 0
E 297 329 0
E 729 400 0
E 652 541 0
E 652 108 0
E 159 286 0
E 159 439 0
E 152 307 0
E 152 332 0
E 635 541 0
E 635 91 0
E 352 204 0
E 352 697 0
E 198 204 0
E 198 451 0
E 204 337 0
E 204 157 0
E 453 663 0
E 453 157 0
E 284 333 0
E 284 329 0
E 332 0 0
E 332 378 0
E 82 91 0
E 518 649 0
E 565 668 0
E 565 383 0
E 541 298 0
E 541 108 0
E 383 451 0
E 383 378 0
E 108 215 0
E 108 251 0
E 269 298 0
E 269 251 0
E 314 333 0
E 314 307 0
E 286 333 0
E 286 475 0
E 53 0 0
E 578 668 0
E 157 494 0
E 157 378 0
E 697 83 0
E 697 668 0
E 265 451 0
E 265 0 0
E 494 475 0
E 494 298 0
E 187 215 0
E 187 307 0
E 439 649 0
E 439 298 0
E 298 378 0
E 298 83 0
E 475 333 0
E 475 329 0
E 663 0 0
E 663 333 0
E 307 333 0
E 307 337 0
E 83 451 0
E 668 400 0
E 251 329 0
E 251 649 0
E 378 329 0
E 378 91 0
E 400 215 0
E 400 619 0
E 649 337 0
E 649 333 0
E 91 337 0
E 91 329 0
E 337 0 0
E 337 329 0
E 0 390 0
E 451 215 0
E 215 329 0
E 215 50 0
E 333 329 0
E 333 390 0
E 329 390 0
E 329 619 0
