H 482 1265 1
E 293 190 0
E 190 293 0
E 190 293 0
E 293 190 0
E 30 198 0
E 198 30 0
E 198 30 0
E 30 198 0
E 304 477 0
E 477 304 0
E 477 304 0
E 304 477 0
E 89 34 0
E 89 350 0
E 350 89 0
E 34 89 0
E 34 350 0
E 89 34 0
E 350 89 0
E 350 34 0
E 89 350 0
E 242 53 0
E 53 242 0
E 53 242 0
E 242 53 0
E 468 481 0
E 468 467 0
E 481 468 0
E 481 468 0
E 481 467 0
E 468 481 0
E 467 468 0
E 467 481 0
E 468 467 0
E 320 333 0
E 333 320 0
E 333 320 0
E 320 333 0
E 151 442 0
E 442 151 0
E 442 151 0
E 151 442 0
E 275 175 0
E 275 337 0
E 337 275 0
E 175 275 0
E 175 337 0
E 337 175 0
E 337 275 0
E 337 175 0
E 275 337 0
E 183 164 0
E 183 226 0
E 164 183 0
E 164 183 0
E 164 226 0
E 183 164 0
E 226 183 0
E 226 164 0
E 164 226 0
E 197 79 0
E 197 444 0
E 197 137 0
E 79 197 0
E 137 79 0
E 137 444 0
E 137 197 0
E 444 137 0
E 79 444 0
E 79 197 0
E 79 137 0
E 197 79 0
E 444 137 0
E 444 197 0
E 444 79 0
E 197 444 0
E 264 480 0
E 480 264 0
E 480 264 0
E 264 480 0
E 0 343 0
E 343 0 0
E 343 0 0
E 0 343 0
E 405 403 0
E 403 405 0
E 403 405 0
E 405 403 0
E 323 39 0
E 39 323 0
E 39 323 0
E 323 39 0
E 204 332 0
E 332 204 0
E 332 204 0
E 204 332 0
E 29 225 0
E 225 29 0
E 225 29 0
E 29 225 0
E 393 195 0
E 195 393 0
E 195 393 0
E 393 195 0
E 448 277 0
E 277 448 0
E 277 448 0
E 448 277 0
E 354 255 0
E 354 205 0
E 205 354 0
E 255 354 0
E 255 205 0
E 205 255 0
E 205 354 0
E 205 255 0
E 354 205 0
E 335 240 0
E 240 335 0
E 240 335 0
E 335 240 0
E 327 309 0
E 309 327 0
E 309 327 0
E 327 309 0
E 99 399 0
E 399 99 0
E 399 99 0
E 99 399 0
E 326 88 0
E 88 326 0
E 88 326 0
E 326 88 0
E 440 23 0
E 440 86 0
E 23 440 0
E 23 440 0
E 23 86 0
E 440 23 0
E 86 440 0
E 86 23 0
E 440 86 0
E 3 285 0
E 285 3 0
E 285 3 0
E 3 285 0
E 188 84 0
E 84 188 0
E 84 188 0
E 188 84 0
E 93 61 0
E 61 93 0
E 61 93 0
E 93 61 0
E 453 41 0
E 41 453 0
E 41 453 0
E 453 41 0
E 426 122 0
E 122 426 0
E 122 426 0
E 426 122 0
E 371 98 0
E 98 371 0
E 98 371 0
E 371 98 0
E 133 191 0
E 133 437 0
E 437 133 0
E 191 133 0
E 191 437 0
E 133 191 0
E 437 133 0
E 437 191 0
E 133 437 0
E 429 134 0
E 134 429 0
E 134 429 0
E 429 134 0
E 348 112 0
E 112 348 0
E 112 348 0
E 348 112 0
E 77 14 0
E 14 77 0
E 14 77 0
E 77 14 0
E 434 428 0
E 434 139 0
E 139 434 0
E 428 434 0
E 428 139 0
E 434 428 0
E 139 434 0
E 139 428 0
E 434 139 0
E 156 48 0
E 48 156 0
E 48 156 0
E 156 48 0
E 411 90 0
E 90 411 0
E 90 411 0
E 411 90 0
E 36 92 0
E 92 36 0
E 92 36 0
E 36 92 0
E 417 280 0
E 280 417 0
E 280 417 0
E 417 280 0
E 358 460 0
E 460 358 0
E 460 358 0
E 358 460 0
E 108 271 0
E 271 108 0
E 271 108 0
E 108 271 0
E 452 338 0
E 452 143 0
E 338 452 0
E 338 452 0
E 338 143 0
E 143 338 0
E 143 452 0
E 143 338 0
E 338 143 0
E 364 310 0
E 364 436 0
E 436 364 0
E 310 364 0
E 310 436 0
E 436 310 0
E 436 364 0
E 436 310 0
E 310 436 0
E 435 237 0
E 237 435 0
E 237 435 0
E 435 237 0
E 469 159 0
E 469 423 0
E 423 469 0
E 159 469 0
E 159 423 0
E 423 159 0
E 423 469 0
E 423 159 0
E 159 423 0
E 177 438 0
E 177 54 0
E 438 177 0
E 438 177 0
E 438 54 0
E 54 438 0
E 54 177 0
E 54 438 0
E 438 54 0
E 169 27 0
E 27 169 0
E 27 169 0
E 169 27 0
E 149 447 0
E 447 149 0
E 447 149 0
E 149 447 0
E 420 353 0
E 353 420 0
E 353 420 0
E 420 353 0
E 199 219 0
E 219 199 0
E 219 199 0
E 199 219 0
E 283 463 0
E 283 389 0
E 389 283 0
E 463 283 0
E 463 389 0
E 283 463 0
E 389 283 0
E 389 463 0
E 463 389 0
E 85 26 0
E 85 131 0
E 26 85 0
E 26 85 0
E 26 131 0
E 85 26 0
E 131 85 0
E 131 26 0
E 85 131 0
E 19 87 0
E 87 19 0
E 87 19 0
E 19 87 0
E 201 401 0
E 401 201 0
E 401 201 0
E 201 401 0
E 473 239 0
E 473 56 0
E 56 473 0
E 239 473 0
E 239 56 0
E 473 239 0
E 56 473 0
E 56 239 0
E 239 56 0
E 113 303 0
E 113 385 0
E 113 63 0
E 303 113 0
E 63 113 0
E 63 385 0
E 63 303 0
E 113 63 0
E 303 63 0
E 303 385 0
E 303 113 0
E 63 303 0
E 385 63 0
E 385 113 0
E 385 303 0
E 63 385 0
E 357 386 0
E 386 357 0
E 386 357 0
E 357 386 0
E 306 286 0
E 286 306 0
E 286 306 0
E 306 286 0
E 100 470 0
E 470 100 0
E 470 100 0
E 100 470 0
E 107 222 0
E 107 258 0
E 258 107 0
E 222 107 0
E 222 258 0
E 258 222 0
E 258 107 0
E 258 222 0
E 222 258 0
E 32 8 0
E 32 402 0
E 402 32 0
E 8 32 0
E 8 402 0
E 32 8 0
E 402 32 0
E 402 8 0
E 32 402 0
E 212 203 0
E 203 212 0
E 203 212 0
E 212 203 0
E 291 189 0
E 189 291 0
E 189 291 0
E 291 189 0
E 155 414 0
E 414 155 0
E 414 155 0
E 155 414 0
E 247 419 0
E 419 247 0
E 419 247 0
E 247 419 0
E 268 276 0
E 268 317 0
E 317 268 0
E 276 268 0
E 276 317 0
E 268 276 0
E 317 268 0
E 317 276 0
E 268 317 0
E 73 82 0
E 82 73 0
E 82 73 0
E 73 82 0
E 416 181 0
E 181 416 0
E 181 416 0
E 416 181 0
E 209 55 0
E 55 209 0
E 55 209 0
E 209 55 0
E 118 313 0
E 313 118 0
E 313 118 0
E 118 313 0
E 121 260 0
E 260 121 0
E 260 121 0
E 121 260 0
E 170 267 0
E 267 170 0
E 267 170 0
E 170 267 0
E 220 451 0
E 451 220 0
E 451 220 0
E 220 451 0
E 461 383 0
E 383 461 0
E 383 461 0
E 461 383 0
E 180 294 0
E 294 180 0
E 294 180 0
E 180 294 0
E 196 47 0
E 196 308 0
E 308 196 0
E 47 196 0
E 47 308 0
E 308 47 0
E 308 196 0
E 308 47 0
E 47 308 0
E 168 115 0
E 115 168 0
E 115 168 0
E 168 115 0
E 472 50 0
E 50 472 0
E 50 472 0
E 472 50 0
E 228 329 0
E 329 228 0
E 329 228 0
E 228 329 0
E 244 382 0
E 382 244 0
E 382 244 0
E 244 382 0
E 120 223 0
E 223 120 0
E 223 120 0
E 120 223 0
E 70 166 0
E 166 70 0
E 166 70 0
E 70 166 0
E 449 376 0
E 376 449 0
E 376 449 0
E 449 376 0
E 422 261 0
E 422 22 0
E 22 422 0
E 261 422 0
E 261 22 0
E 22 261 0
E 22 422 0
E 22 261 0
E 422 22 0
E 352 4 0
E 4 352 0
E 4 352 0
E 352 4 0
E 157 381 0
E 381 157 0
E 381 157 0
E 157 381 0
E 94 372 0
E 372 94 0
E 372 94 0
E 94 372 0
E 200 392 0
E 392 200 0
E 392 200 0
E 200 392 0
E 433 64 0
E 64 433 0
E 64 433 0
E 433 64 0
E 406 408 0
E 408 406 0
E 408 406 0
E 406 408 0
E 16 25 0
E 25 16 0
E 25 16 0
E 16 25 0
E 431 345 0
E 345 431 0
E 345 431 0
E 431 345 0
E 60 129 0
E 129 60 0
E 129 60 0
E 60 129 0
E 475 282 0
E 282 475 0
E 282 475 0
E 475 282 0
E 128 432 0
E 432 128 0
E 432 128 0
E 128 432 0
E 248 284 0
E 284 248 0
E 284 248 0
E 248 284 0
E 20 270 0
E 270 20 0
E 270 20 0
E 20 270 0
E 71 135 0
E 135 71 0
E 135 71 0
E 71 135 0
E 398 42 0
E 398 185 0
E 185 398 0
E 42 398 0
E 42 185 0
E 398 42 0
E 185 398 0
E 185 42 0
E 42 185 0
E 231 116 0
E 231 259 0
E 259 231 0
E 116 231 0
E 116 259 0
E 259 116 0
E 259 231 0
E 259 116 0
E 116 259 0
E 307 454 0
E 454 307 0
E 454 307 0
E 307 454 0
E 269 347 0
E 347 269 0
E 347 269 0
E 269 347 0
E 388 289 0
E 289 388 0
E 289 388 0
E 388 289 0
E 229 321 0
E 321 229 0
E 321 229 0
E 229 321 0
E 76 319 0
E 319 76 0
E 319 76 0
E 76 319 0
E 224 265 0
E 265 224 0
E 265 224 0
E 224 265 0
E 75 425 0
E 425 75 0
E 425 75 0
E 75 425 0
E 238 186 0
E 186 238 0
E 186 238 0
E 238 186 0
E 141 378 0
E 378 141 0
E 378 141 0
E 141 378 0
E 418 344 0
E 344 418 0
E 344 418 0
E 418 344 0
E 293 117 0
E 190 106 0
E 198 456 0
E 198 91 0
E 295 348 0
E 295 118 0
E 477 256 0
E 304 1 0
E 233 423 0
E 233 407 0
E 126 388 0
E 126 104 0
E 330 346 0
E 330 297 0
E 350 305 0
E 350 310 0
E 241 320 0
E 241 254 0
E 450 104 0
E 450 69 0
E 242 40 0
E 53 51 0
E 117 362 0
E 117 273 0
E 80 393 0
E 80 206 0
E 346 352 0
E 346 394 0
E 68 217 0
E 68 397 0
E 481 81 0
E 467 430 0
E 320 64 0
E 333 138 0
E 249 380 0
E 249 406 0
E 45 300 0
E 45 415 0
E 379 284 0
E 379 162 0
E 151 163 0
E 151 344 0
E 275 272 0
E 175 399 0
E 72 196 0
E 72 390 0
E 164 300 0
E 226 321 0
E 102 174 0
E 102 251 0
E 391 207 0
E 391 250 0
E 254 414 0
E 254 359 0
E 444 356 0
E 137 28 0
E 17 264 0
E 17 410 0
E 213 355 0
E 213 280 0
E 208 189 0
E 208 185 0
E 409 109 0
E 409 24 0
E 142 203 0
E 142 123 0
E 245 307 0
E 245 10 0
E 250 95 0
E 250 215 0
E 480 440 0
E 264 65 0
E 343 470 0
E 0 109 0
E 403 369 0
E 403 132 0
E 322 178 0
E 322 159 0
E 33 319 0
E 33 147 0
E 154 18 0
E 154 312 0
E 124 58 0
E 124 449 0
E 323 315 0
E 39 362 0
E 110 407 0
E 110 149 0
E 204 318 0
E 204 278 0
E 192 243 0
E 192 237 0
E 125 101 0
E 125 325 0
E 471 349 0
E 471 412 0
E 216 359 0
E 216 108 0
E 225 465 0
E 29 166 0
E 127 211 0
E 127 201 0
E 393 457 0
E 393 147 0
E 104 479 0
E 104 167 0
E 11 46 0
E 11 5 0
E 281 65 0
E 281 287 0
E 448 52 0
E 277 93 0
E 255 105 0
E 354 5 0
E 240 418 0
E 240 221 0
E 327 321 0
E 327 6 0
E 99 404 0
E 399 103 0
E 78 235 0
E 78 364 0
E 211 313 0
E 211 115 0
E 88 73 0
E 88 368 0
E 440 236 0
E 23 214 0
E 285 207 0
E 285 475 0
E 479 373 0
E 479 66 0
E 290 342 0
E 290 231 0
E 359 107 0
E 359 19 0
E 188 334 0
E 188 87 0
E 363 294 0
E 363 318 0
E 46 159 0
E 46 62 0
E 93 287 0
E 93 365 0
E 41 15 0
E 453 454 0
E 122 362 0
E 122 441 0
E 167 300 0
E 167 62 0
E 230 366 0
E 230 136 0
E 210 252 0
E 210 119 0
E 371 97 0
E 371 297 0
E 266 1 0
E 266 400 0
E 437 28 0
E 437 297 0
E 404 464 0
E 404 418 0
E 134 43 0
E 429 182 0
E 365 81 0
E 365 258 0
E 18 37 0
E 18 83 0
E 182 67 0
E 182 253 0
E 362 260 0
E 362 256 0
E 112 73 0
E 112 284 0
E 368 478 0
E 368 47 0
E 77 423 0
E 14 412 0
E 81 361 0
E 81 244 0
E 428 341 0
E 139 21 0
E 95 103 0
E 95 140 0
E 400 474 0
E 400 325 0
E 15 474 0
E 15 324 0
E 272 114 0
E 272 296 0
E 301 276 0
E 301 370 0
E 38 465 0
E 38 238 0
E 395 452 0
E 395 105 0
E 48 341 0
E 156 237 0
E 202 193 0
E 202 412 0
E 146 317 0
E 146 10 0
E 90 21 0
E 90 361 0
E 36 445 0
E 36 439 0
E 35 103 0
E 35 422 0
E 251 394 0
E 251 305 0
E 439 172 0
E 439 153 0
E 51 351 0
E 51 328 0
E 417 101 0
E 280 334 0
E 374 60 0
E 374 367 0
E 165 274 0
E 165 302 0
E 217 328 0
E 217 315 0
E 460 262 0
E 358 138 0
E 465 303 0
E 465 366 0
E 430 91 0
E 430 196 0
E 271 407 0
E 108 136 0
E 349 457 0
E 349 339 0
E 427 62 0
E 427 159 0
E 274 284 0
E 274 234 0
E 215 135 0
E 215 383 0
E 193 218 0
E 193 103 0
E 415 144 0
E 415 456 0
E 338 283 0
E 338 443 0
E 436 97 0
E 436 158 0
E 387 352 0
E 387 475 0
E 298 380 0
E 298 447 0
E 458 2 0
E 458 347 0
E 305 287 0
E 305 373 0
E 237 9 0
E 237 394 0
E 478 302 0
E 478 462 0
E 423 148 0
E 159 189 0
E 54 360 0
E 177 194 0
E 6 260 0
E 6 236 0
E 384 116 0
E 384 232 0
E 171 5 0
E 171 324 0
E 279 416 0
E 279 166 0
E 169 360 0
E 27 263 0
E 377 103 0
E 377 344 0
E 296 150 0
E 296 414 0
E 375 106 0
E 375 12 0
E 447 361 0
E 149 424 0
E 443 132 0
E 443 24 0
E 292 390 0
E 292 422 0
E 62 297 0
E 62 286 0
E 441 288 0
E 441 302 0
E 316 176 0
E 316 141 0
E 420 87 0
E 353 67 0
E 97 69 0
E 97 416 0
E 96 328 0
E 96 135 0
E 315 416 0
E 315 28 0
E 199 234 0
E 219 227 0
E 176 144 0
E 176 231 0
E 373 40 0
E 373 297 0
E 172 312 0
E 172 10 0
E 283 82 0
E 389 407 0
E 446 466 0
E 446 203 0
E 413 461 0
E 413 381 0
E 366 218 0
E 366 9 0
E 43 297 0
E 43 67 0
E 158 247 0
E 158 21 0
E 300 361 0
E 300 189 0
E 26 13 0
E 131 44 0
E 52 150 0
E 52 260 0
E 87 466 0
E 87 273 0
E 369 360 0
E 369 218 0
E 132 244 0
E 132 383 0
E 236 128 0
E 236 200 0
E 57 71 0
E 57 174 0
E 401 218 0
E 401 67 0
E 56 160 0
E 239 324 0
E 63 356 0
E 63 367 0
E 357 109 0
E 386 118 0
E 306 361 0
E 306 161 0
E 445 163 0
E 445 160 0
E 161 339 0
E 161 422 0
E 140 455 0
E 140 157 0
E 160 173 0
E 160 123 0
E 407 8 0
E 407 257 0
E 360 187 0
E 360 207 0
E 13 313 0
E 13 37 0
E 83 464 0
E 83 432 0
E 100 317 0
E 470 247 0
E 263 28 0
E 263 422 0
E 258 256 0
E 258 342 0
E 421 212 0
E 421 394 0
E 8 174 0
E 402 339 0
E 367 334 0
E 367 59 0
E 311 321 0
E 311 396 0
E 456 260 0
E 456 7 0
E 476 7 0
E 476 319 0
E 101 228 0
E 101 336 0
E 212 287 0
E 203 187 0
E 221 267 0
E 221 152 0
E 21 336 0
E 21 109 0
E 59 228 0
E 59 82 0
E 278 339 0
E 278 342 0
E 179 145 0
E 179 28 0
E 356 173 0
E 356 325 0
E 7 12 0
E 7 145 0
E 474 336 0
E 474 214 0
E 178 119 0
E 178 291 0
E 189 299 0
E 291 381 0
E 58 336 0
E 58 2 0
E 9 284 0
E 9 227 0
E 414 328 0
E 155 307 0
E 247 462 0
E 247 325 0
E 276 246 0
E 268 455 0
E 152 267 0
E 152 138 0
E 412 235 0
E 412 340 0
E 410 273 0
E 410 91 0
E 74 299 0
E 74 252 0
E 73 111 0
E 73 75 0
E 181 253 0
E 181 256 0
E 209 257 0
E 209 380 0
E 328 313 0
E 328 340 0
E 299 123 0
E 299 144 0
E 119 339 0
E 119 71 0
E 341 2 0
E 341 331 0
E 37 174 0
E 37 163 0
E 355 111 0
E 355 220 0
E 138 121 0
E 138 331 0
E 313 2 0
E 118 287 0
E 260 265 0
E 121 66 0
E 267 457 0
E 170 206 0
E 302 269 0
E 302 111 0
E 105 256 0
E 105 184 0
E 148 325 0
E 148 336 0
E 67 361 0
E 67 40 0
E 174 91 0
E 174 145 0
E 297 145 0
E 297 246 0
E 451 312 0
E 451 184 0
E 12 186 0
E 12 114 0
E 461 196 0
E 461 339 0
E 294 141 0
E 294 319 0
E 214 288 0
E 214 22 0
E 65 116 0
E 65 144 0
E 196 49 0
E 47 147 0
E 334 40 0
E 334 331 0
E 168 256 0
E 168 314 0
E 472 252 0
E 50 69 0
E 256 331 0
E 256 321 0
E 459 287 0
E 459 331 0
E 228 145 0
E 329 28 0
E 235 396 0
E 235 288 0
E 257 111 0
E 257 288 0
E 262 265 0
E 262 207 0
E 457 10 0
E 457 106 0
E 163 130 0
E 163 186 0
E 49 227 0
E 49 336 0
E 331 70 0
E 331 120 0
E 244 269 0
E 244 135 0
E 318 111 0
E 318 418 0
E 227 150 0
E 227 325 0
E 66 289 0
E 66 75 0
E 246 130 0
E 246 106 0
E 1 232 0
E 1 162 0
E 232 70 0
E 232 406 0
E 312 2 0
E 312 71 0
E 455 234 0
E 455 449 0
E 223 378 0
E 223 42 0
E 70 418 0
E 166 392 0
E 206 336 0
E 206 398 0
E 449 352 0
E 376 69 0
E 253 5 0
E 253 207 0
E 424 31 0
E 424 252 0
E 114 352 0
E 114 144 0
E 336 325 0
E 336 352 0
E 396 248 0
E 396 388 0
E 22 347 0
E 22 184 0
E 10 184 0
E 10 173 0
E 4 135 0
E 352 238 0
E 157 123 0
E 381 321 0
E 194 380 0
E 194 347 0
E 252 307 0
E 252 265 0
E 111 145 0
E 111 200 0
E 173 234 0
E 173 109 0
E 94 147 0
E 372 325 0
E 162 378 0
E 162 325 0
E 150 16 0
E 150 397 0
E 342 75 0
E 342 431 0
E 69 40 0
E 69 475 0
E 397 324 0
E 397 71 0
E 200 398 0
E 200 229 0
E 370 128 0
E 370 454 0
E 351 282 0
E 351 141 0
E 340 394 0
E 340 378 0
E 390 243 0
E 390 270 0
E 433 187 0
E 64 324 0
E 408 135 0
E 408 218 0
E 16 454 0
E 25 454 0
E 103 288 0
E 103 31 0
E 2 284 0
E 2 130 0
E 431 44 0
E 345 31 0
E 147 464 0
E 147 325 0
E 361 71 0
E 361 123 0
E 130 44 0
E 130 31 0
E 273 339 0
E 273 24 0
E 287 31 0
E 287 394 0
E 129 466 0
E 60 324 0
E 380 71 0
E 380 184 0
E 475 109 0
E 475 207 0
E 432 464 0
E 432 454 0
E 462 123 0
E 462 218 0
E 144 28 0
E 144 106 0
E 106 109 0
E 106 288 0
E 40 153 0
E 40 186 0
E 248 243 0
E 248 136 0
E 145 319 0
E 145 344 0
E 5 75 0
E 5 466 0
E 20 454 0
E 270 466 0
E 31 289 0
E 31 238 0
E 135 42 0
E 135 28 0
E 398 394 0
E 398 91 0
E 464 91 0
E 464 339 0
E 324 141 0
E 324 314 0
E 234 141 0
E 234 321 0
E 116 184 0
E 259 218 0
E 454 207 0
E 454 339 0
E 347 186 0
E 347 339 0
E 288 325 0
E 288 76 0
E 388 207 0
E 388 325 0
E 91 325 0
E 91 243 0
E 24 339 0
E 24 218 0
E 187 339 0
E 187 314 0
E 44 218 0
E 44 339 0
E 229 394 0
E 229 207 0
E 319 186 0
E 319 314 0
E 218 184 0
E 218 314 0
E 339 344 0
E 339 207 0
E 325 207 0
E 325 109 0
E 109 136 0
E 109 224 0
E 224 378 0
E 224 123 0
E 425 344 0
E 75 394 0
E 28 153 0
E 28 378 0
E 136 314 0
E 136 243 0
E 207 153 0
E 207 314 0
E 394 153 0
E 394 466 0
E 238 344 0
E 238 314 0
E 141 153 0
E 378 314 0
E 344 466 0
E 418 153 0
E 243 314 0
E 243 153 0
E 153 466 0
E 153 184 0
E 314 466 0
E 314 184 0
E 466 184 0
E 466 123 0
E 184 123 0
