H 32 143 1
E 6 23 5
E 23 6 5
E 23 6 5
E 6 23 5
E 9 13 5
E 13 9 5
E 13 9 5
E 9 13 5
E 18 19 5
E 19 18 5
E 19 18 5
E 18 19 5
E 30 7 5
E 30 31 5
E 31 30 5
E 7 30 5
E 7 31 5
E 31 7 5
E 31 30 5
E 31 7 5
E 30 31 5
E 25 27 5
E 27 25 5
E 27 25 5
E 25 27 5
E 17 11 5
E 11 17 5
E 11 17 5
E 17 11 5
E 14 8 5
E 8 14 5
E 8 14 5
E 14 8 5
E 28 5 5
E 5 28 5
E 5 28 5
E 28 5 5
E 16 3 5
E 3 16 5
E 3 16 5
E 16 3 5
E 0 4 5
E 0 15 5
E 4 0 5
E 4 0 5
E 4 15 5
E 15 4 5
E 15 0 5
E 15 4 5
E 4 15 5
E 6 26 5
E 23 11 5
E 23 27 5
E 6 17 5
E 6 29 5
E 13 31 5
E 13 1 5
E 13 12 5
E 9 29 5
E 9 1 5
E 12 1 5
E 12 3 5
E 12 26 5
E 12 18 5
E 12 10 5
E 1 24 5
E 1 21 5
E 1 15 5
E 1 3 5
E 1 29 5
E 24 22 5
E 24 31 5
E 24 16 5
E 24 7 5
E 24 28 5
E 19 21 5
E 18 29 5
E 19 0 5
E 19 3 5
E 19 22 5
E 10 2 5
E 10 26 5
E 10 29 5
E 10 27 5
E 10 14 5
E 22 15 5
E 22 29 5
E 22 20 5
E 22 16 5
E 22 2 5
E 7 2 5
E 31 2 5
E 30 3 5
E 31 20 5
E 7 16 5
E 27 20 5
E 25 17 5
E 25 2 5
E 27 28 5
E 25 20 5
E 11 5 5
E 17 29 5
E 17 21 5
E 11 3 5
E 11 29 5
E 2 28 5
E 2 4 5
E 2 26 5
E 2 8 5
E 2 21 5
E 8 20 5
E 8 29 5
E 8 15 5
E 14 4 5
E 14 5 5
E 5 26 5
E 5 29 5
E 28 4 5
E 28 21 5
E 5 3 5
E 21 4 5
E 21 3 5
E 21 20 5
E 21 26 5
E 21 29 5
E 29 26 5
E 29 3 5
E 29 4 5
E 29 16 5
E 29 15 5
E 20 15 5
E 20 26 5
E 20 3 5
E 20 4 5
E 20 0 5
E 16 26 5
E 16 4 5
E 3 26 5
E 3 15 5
E 16 0 5
E 15 26 5
E 4 26 5
E 0 26 5
