H 1785 6574 1
E 1172 309 0
E 309 1172 0
E 309 1172 0
E 1172 309 0
E 123 760 0
E 123 527 0
E 527 123 0
E 760 123 0
E 760 527 0
E 527 760 0
E 527 123 0
E 527 760 0
E 123 527 0
E 1219 792 0
E 792 1219 0
E 792 1219 0
E 1219 792 0
E 358 176 0
E 358 1228 0
E 358 554 0
E 1228 358 0
E 176 1107 0
E 176 1625 0
E 176 358 0
E 554 176 0
E 1625 554 0
E 1625 176 0
E 1625 358 0
E 554 1625 0
E 1107 1228 0
E 1107 1625 0
E 1107 358 0
E 1625 1107 0
E 554 1107 0
E 554 1228 0
E 554 358 0
E 358 554 0
E 1228 554 0
E 1228 176 0
E 1228 1107 0
E 1107 1228 0
E 966 206 0
E 206 966 0
E 206 966 0
E 966 206 0
E 968 241 0
E 968 810 0
E 968 674 0
E 810 968 0
E 810 241 0
E 810 674 0
E 810 968 0
E 241 810 0
E 674 810 0
E 674 968 0
E 674 241 0
E 241 674 0
E 241 810 0
E 241 968 0
E 241 674 0
E 810 241 0
E 468 355 0
E 355 468 0
E 355 468 0
E 468 355 0
E 321 177 0
E 321 912 0
E 321 541 0
E 177 321 0
E 177 912 0
E 177 930 0
E 177 321 0
E 541 177 0
E 912 321 0
E 912 177 0
E 912 541 0
E 930 912 0
E 930 541 0
E 930 321 0
E 930 177 0
E 912 930 0
E 541 930 0
E 541 321 0
E 541 912 0
E 912 541 0
E 1387 705 0
E 1387 1186 0
E 1186 1387 0
E 705 1387 0
E 705 1186 0
E 1186 705 0
E 1186 1387 0
E 1186 705 0
E 1387 1186 0
E 1282 1 0
E 1282 465 0
E 1282 1277 0
E 465 1282 0
E 465 742 0
E 465 768 0
E 465 1282 0
E 742 465 0
E 1277 1 0
E 1277 465 0
E 1277 742 0
E 768 1277 0
E 768 465 0
E 768 1 0
E 768 1277 0
E 742 768 0
E 742 1277 0
E 742 465 0
E 742 1282 0
E 1 742 0
E 1 768 0
E 1 465 0
E 1 1282 0
E 1277 1 0
E 997 436 0
E 997 1544 0
E 1544 997 0
E 436 997 0
E 436 1544 0
E 997 436 0
E 1544 997 0
E 1544 436 0
E 997 1544 0
E 1519 876 0
E 1519 83 0
E 1519 1286 0
E 1286 1519 0
E 83 1519 0
E 83 876 0
E 83 1286 0
E 876 83 0
E 1286 876 0
E 1286 1519 0
E 1286 83 0
E 876 1286 0
E 876 1286 0
E 876 1519 0
E 876 83 0
E 83 876 0
E 1384 283 0
E 1384 247 0
E 1384 1338 0
E 247 1384 0
E 1338 283 0
E 1338 247 0
E 1338 1384 0
E 1384 1338 0
E 247 1384 0
E 247 283 0
E 247 1338 0
E 1384 247 0
E 283 1338 0
E 283 247 0
E 283 1384 0
E 1384 283 0
E 607 803 0
E 607 835 0
E 835 607 0
E 803 607 0
E 803 835 0
E 835 803 0
E 835 607 0
E 835 803 0
E 607 835 0
E 1103 1150 0
E 1103 1001 0
E 1103 1732 0
E 1150 1103 0
E 1150 1103 0
E 1150 1732 0
E 1150 386 0
E 386 1150 0
E 1732 1001 0
E 1732 386 0
E 1732 1103 0
E 386 1732 0
E 1001 386 0
E 1001 1732 0
E 1001 1150 0
E 1732 1001 0
E 386 1150 0
E 386 1001 0
E 386 1103 0
E 1732 386 0
E 410 1551 0
E 1551 410 0
E 1551 410 0
E 410 1551 0
E 1567 894 0
E 894 1567 0
E 894 1567 0
E 1567 894 0
E 1019 908 0
E 908 1019 0
E 908 1019 0
E 1019 908 0
E 68 469 0
E 68 512 0
E 68 127 0
E 512 68 0
E 127 19 0
E 127 512 0
E 127 68 0
E 469 127 0
E 19 68 0
E 19 127 0
E 19 469 0
E 469 19 0
E 512 19 0
E 512 127 0
E 512 469 0
E 68 512 0
E 469 19 0
E 469 512 0
E 469 68 0
E 127 469 0
E 833 642 0
E 642 833 0
E 642 833 0
E 833 642 0
E 1638 1380 0
E 1380 1638 0
E 1380 1638 0
E 1638 1380 0
E 571 972 0
E 972 571 0
E 972 571 0
E 571 972 0
E 1002 149 0
E 1002 960 0
E 1002 1689 0
E 149 1002 0
E 960 1002 0
E 960 1689 0
E 960 149 0
E 1002 960 0
E 149 1689 0
E 149 960 0
E 149 1002 0
E 960 149 0
E 1689 1002 0
E 1689 960 0
E 1689 149 0
E 1002 1689 0
E 3 92 0
E 3 939 0
E 3 1171 0
E 92 3 0
E 92 3 0
E 92 1171 0
E 92 939 0
E 939 92 0
E 1171 92 0
E 1171 3 0
E 1171 939 0
E 3 1171 0
E 939 92 0
E 939 1171 0
E 939 3 0
E 92 939 0
E 1620 1115 0
E 1115 1620 0
E 1115 1620 0
E 1620 1115 0
E 1288 1054 0
E 1054 1288 0
E 1054 1288 0
E 1288 1054 0
E 135 786 0
E 135 991 0
E 135 917 0
E 786 135 0
E 991 917 0
E 991 786 0
E 991 135 0
E 1070 991 0
E 786 991 0
E 786 1070 0
E 786 135 0
E 1070 786 0
E 1070 917 0
E 1070 786 0
E 1070 135 0
E 917 1070 0
E 917 1070 0
E 917 786 0
E 917 991 0
E 1070 917 0
E 618 775 0
E 618 1404 0
E 775 618 0
E 775 618 0
E 775 1404 0
E 618 775 0
E 1404 618 0
E 1404 775 0
E 775 1404 0
E 497 1771 0
E 497 1667 0
E 1667 497 0
E 1771 497 0
E 1771 1667 0
E 1667 1771 0
E 1667 497 0
E 1667 1771 0
E 497 1667 0
E 1295 1336 0
E 1336 1295 0
E 1336 1295 0
E 1295 1336 0
E 442 941 0
E 442 259 0
E 442 1752 0
E 1752 442 0
E 1043 941 0
E 1043 442 0
E 1043 1752 0
E 1752 1043 0
E 941 259 0
E 941 1043 0
E 941 1752 0
E 259 941 0
E 259 442 0
E 259 1043 0
E 259 941 0
E 941 259 0
E 1752 259 0
E 1752 442 0
E 1752 941 0
E 1043 1752 0
E 819 1349 0
E 819 475 0
E 819 641 0
E 1179 819 0
E 1349 819 0
E 1349 1179 0
E 1349 641 0
E 1179 1349 0
E 641 819 0
E 641 1179 0
E 641 475 0
E 1179 641 0
E 1179 641 0
E 1179 1349 0
E 1179 819 0
E 819 1179 0
E 475 1349 0
E 475 819 0
E 475 641 0
E 641 475 0
E 771 292 0
E 292 771 0
E 292 771 0
E 771 292 0
E 500 1158 0
E 500 707 0
E 1158 500 0
E 1158 500 0
E 1158 707 0
E 707 1158 0
E 707 500 0
E 707 1158 0
E 500 707 0
E 864 1559 0
E 864 390 0
E 864 49 0
E 390 864 0
E 390 864 0
E 390 49 0
E 390 1559 0
E 1559 390 0
E 1559 390 0
E 1559 864 0
E 1559 49 0
E 864 1559 0
E 49 1559 0
E 49 390 0
E 49 864 0
E 390 49 0
E 119 657 0
E 119 1038 0
E 119 614 0
E 657 119 0
E 657 614 0
E 657 119 0
E 657 1038 0
E 1038 657 0
E 614 1038 0
E 614 657 0
E 614 119 0
E 119 614 0
E 1038 614 0
E 1038 657 0
E 1038 119 0
E 119 1038 0
E 511 1232 0
E 1232 511 0
E 1232 511 0
E 511 1232 0
E 1575 1504 0
E 1504 1575 0
E 1504 1575 0
E 1575 1504 0
E 1517 1606 0
E 1517 1604 0
E 1606 1517 0
E 1606 1517 0
E 1606 1604 0
E 1604 1606 0
E 1604 1517 0
E 1604 1606 0
E 1606 1604 0
E 1125 927 0
E 1125 954 0
E 954 1125 0
E 927 1125 0
E 927 954 0
E 954 927 0
E 954 1125 0
E 954 927 0
E 1125 954 0
E 1418 879 0
E 1418 299 0
E 1418 1584 0
E 1584 1418 0
E 1584 299 0
E 1584 1778 0
E 1584 879 0
E 879 1584 0
E 1778 1418 0
E 1778 727 0
E 1778 299 0
E 879 1778 0
E 299 879 0
E 299 1418 0
E 299 727 0
E 1418 299 0
E 727 1418 0
E 727 879 0
E 727 1584 0
E 299 727 0
E 879 1584 0
E 879 727 0
E 879 1778 0
E 727 879 0
E 1341 482 0
E 1341 370 0
E 1341 1501 0
E 1613 1341 0
E 1501 482 0
E 1501 1341 0
E 1501 1613 0
E 256 1501 0
E 482 370 0
E 482 1501 0
E 482 1613 0
E 1613 482 0
E 256 370 0
E 256 1341 0
E 256 482 0
E 1613 256 0
E 1613 482 0
E 1613 1501 0
E 1613 1341 0
E 256 1613 0
E 370 482 0
E 370 1341 0
E 370 256 0
E 482 370 0
E 291 1205 0
E 291 560 0
E 560 291 0
E 1205 291 0
E 1205 560 0
E 560 1205 0
E 560 291 0
E 560 1205 0
E 291 560 0
E 399 1319 0
E 399 1466 0
E 399 762 0
E 1319 399 0
E 1319 1466 0
E 1319 762 0
E 1319 399 0
E 762 1319 0
E 762 1319 0
E 762 1466 0
E 762 399 0
E 1466 762 0
E 1466 762 0
E 1466 399 0
E 1466 1319 0
E 762 1466 0
E 313 211 0
E 313 1521 0
E 1521 313 0
E 211 313 0
E 211 1521 0
E 1521 211 0
E 1521 313 0
E 1521 211 0
E 313 1521 0
E 847 1416 0
E 847 1254 0
E 1254 847 0
E 1416 847 0
E 1416 1254 0
E 847 1416 0
E 1254 847 0
E 1254 1416 0
E 1416 1254 0
E 1762 261 0
E 1762 287 0
E 261 1762 0
E 261 1762 0
E 261 287 0
E 287 261 0
E 287 1762 0
E 287 261 0
E 1762 287 0
E 14 1699 0
E 14 1100 0
E 1100 14 0
E 1699 14 0
E 1699 1100 0
E 14 1699 0
E 1100 14 0
E 1100 1699 0
E 1699 1100 0
E 1160 1313 0
E 1160 113 0
E 1313 1160 0
E 1313 1160 0
E 1313 113 0
E 1160 1313 0
E 113 1160 0
E 113 1313 0
E 1160 113 0
E 1437 1331 0
E 1437 567 0
E 567 1437 0
E 1331 1437 0
E 1331 567 0
E 1437 1331 0
E 567 1437 0
E 567 1331 0
E 1437 567 0
E 752 431 0
E 431 752 0
E 431 752 0
E 752 431 0
E 1453 398 0
E 398 1453 0
E 398 1453 0
E 1453 398 0
E 1565 389 0
E 389 1565 0
E 389 1565 0
E 1565 389 0
E 185 1784 0
E 1784 185 0
E 1784 185 0
E 185 1784 0
E 373 367 0
E 373 1270 0
E 367 373 0
E 367 373 0
E 367 1270 0
E 373 367 0
E 1270 373 0
E 1270 367 0
E 373 1270 0
E 1016 445 0
E 445 1016 0
E 445 1016 0
E 1016 445 0
E 1706 726 0
E 1706 973 0
E 1706 753 0
E 973 1706 0
E 753 1706 0
E 753 973 0
E 753 726 0
E 726 753 0
E 973 753 0
E 973 1706 0
E 973 726 0
E 726 973 0
E 726 753 0
E 726 973 0
E 726 1706 0
E 753 726 0
E 670 1208 0
E 670 1413 0
E 670 518 0
E 1208 670 0
E 1413 1208 0
E 1413 518 0
E 1413 670 0
E 1208 1413 0
E 518 1413 0
E 518 670 0
E 518 1208 0
E 1413 518 0
E 1208 1413 0
E 1208 518 0
E 1208 670 0
E 1413 1208 0
E 922 1674 0
E 922 1371 0
E 922 427 0
E 1674 922 0
E 427 1490 0
E 427 922 0
E 427 1674 0
E 1674 427 0
E 1674 1371 0
E 1674 922 0
E 1674 1490 0
E 427 1674 0
E 1371 922 0
E 1371 1490 0
E 1371 1674 0
E 922 1371 0
E 1490 1674 0
E 1490 922 0
E 1490 427 0
E 427 1490 0
E 841 869 0
E 841 473 0
E 841 1395 0
E 473 841 0
E 1394 704 0
E 1394 473 0
E 1394 693 0
E 869 1394 0
E 1395 693 0
E 1395 473 0
E 1395 1394 0
E 704 1395 0
E 869 704 0
E 869 1394 0
E 869 693 0
E 704 869 0
E 473 693 0
E 473 869 0
E 473 1395 0
E 1394 473 0
E 704 869 0
E 704 1395 0
E 704 473 0
E 693 704 0
E 693 704 0
E 693 869 0
E 693 841 0
E 704 693 0
E 1067 1497 0
E 1067 1346 0
E 1067 785 0
E 785 1067 0
E 1497 1346 0
E 1497 1067 0
E 1497 785 0
E 1346 1497 0
E 1346 1497 0
E 1346 785 0
E 1346 1067 0
E 1067 1346 0
E 785 1067 0
E 785 1346 0
E 785 1497 0
E 1067 785 0
E 533 1088 0
E 533 167 0
E 1088 533 0
E 1088 533 0
E 1088 167 0
E 167 1088 0
E 167 533 0
E 167 1088 0
E 1088 167 0
E 1616 1632 0
E 1616 1330 0
E 1616 843 0
E 1632 1616 0
E 1632 1330 0
E 1632 1616 0
E 1632 843 0
E 843 1632 0
E 1330 1616 0
E 1330 843 0
E 1330 1632 0
E 1616 1330 0
E 843 1616 0
E 843 1632 0
E 843 1330 0
E 1632 843 0
E 1717 1244 0
E 1717 463 0
E 1244 1717 0
E 1244 1717 0
E 1244 463 0
E 1717 1244 0
E 463 1717 0
E 463 1244 0
E 1717 463 0
E 1460 800 0
E 800 1460 0
E 800 1460 0
E 1460 800 0
E 74 942 0
E 942 74 0
E 942 74 0
E 74 942 0
E 731 1411 0
E 731 662 0
E 731 953 0
E 1018 731 0
E 1411 953 0
E 1411 1018 0
E 1411 662 0
E 662 1411 0
E 953 731 0
E 953 1018 0
E 953 1411 0
E 1018 953 0
E 1018 731 0
E 1018 1411 0
E 1018 953 0
E 731 1018 0
E 662 731 0
E 662 1411 0
E 662 1018 0
E 731 662 0
E 1636 1041 0
E 1636 381 0
E 1041 1636 0
E 1041 1636 0
E 1041 381 0
E 1636 1041 0
E 381 1636 0
E 381 1041 0
E 1636 381 0
E 1451 40 0
E 1451 1218 0
E 40 1451 0
E 40 1451 0
E 40 1218 0
E 1218 40 0
E 1218 1451 0
E 1218 40 0
E 40 1218 0
E 47 1271 0
E 47 637 0
E 47 1144 0
E 637 47 0
E 781 47 0
E 781 637 0
E 781 1271 0
E 1271 781 0
E 1144 637 0
E 1144 1271 0
E 1144 47 0
E 47 1144 0
E 637 781 0
E 637 1144 0
E 637 47 0
E 781 637 0
E 1271 781 0
E 1271 1144 0
E 1271 637 0
E 637 1271 0
E 1003 586 0
E 586 1003 0
E 586 1003 0
E 1003 586 0
E 1392 263 0
E 1392 364 0
E 1392 825 0
E 364 1392 0
E 294 263 0
E 294 1392 0
E 294 825 0
E 1392 294 0
E 364 263 0
E 364 825 0
E 364 294 0
E 263 364 0
E 825 364 0
E 825 294 0
E 825 263 0
E 294 825 0
E 263 1392 0
E 263 364 0
E 263 294 0
E 294 263 0
E 311 661 0
E 661 311 0
E 661 311 0
E 311 661 0
E 996 330 0
E 996 1481 0
E 996 692 0
E 330 996 0
E 330 1481 0
E 330 996 0
E 330 692 0
E 692 330 0
E 692 1481 0
E 692 330 0
E 692 996 0
E 1481 692 0
E 1481 692 0
E 1481 330 0
E 1481 996 0
E 330 1481 0
E 1455 1161 0
E 1161 1455 0
E 1161 1455 0
E 1455 1161 0
E 325 397 0
E 325 920 0
E 325 1359 0
E 397 325 0
E 397 1359 0
E 397 920 0
E 397 325 0
E 1359 397 0
E 920 1359 0
E 920 325 0
E 920 397 0
E 397 920 0
E 1359 920 0
E 1359 397 0
E 1359 325 0
E 397 1359 0
E 1736 764 0
E 764 1736 0
E 764 1736 0
E 1736 764 0
E 1601 610 0
E 1601 478 0
E 1601 1230 0
E 503 1601 0
E 610 478 0
E 610 503 0
E 610 1601 0
E 1230 610 0
E 1230 503 0
E 1230 610 0
E 1230 478 0
E 503 1230 0
E 503 1601 0
E 503 1230 0
E 503 478 0
E 1601 503 0
E 478 1601 0
E 478 610 0
E 478 1230 0
E 1230 478 0
E 62 988 0
E 62 971 0
E 62 143 0
E 988 62 0
E 971 988 0
E 971 143 0
E 971 62 0
E 988 971 0
E 988 971 0
E 988 62 0
E 988 143 0
E 62 988 0
E 143 62 0
E 143 971 0
E 143 988 0
E 988 143 0
E 1089 903 0
E 1089 1332 0
E 903 1089 0
E 903 1089 0
E 903 1332 0
E 1089 903 0
E 1332 1089 0
E 1332 903 0
E 903 1332 0
E 152 1607 0
E 152 1255 0
E 152 73 0
E 73 152 0
E 73 1255 0
E 73 1607 0
E 73 152 0
E 1607 73 0
E 1255 1607 0
E 1255 152 0
E 1255 73 0
E 73 1255 0
E 1607 1255 0
E 1607 73 0
E 1607 152 0
E 73 1607 0
E 1582 558 0
E 1582 326 0
E 326 1582 0
E 558 1582 0
E 558 326 0
E 326 558 0
E 326 1582 0
E 326 558 0
E 1582 326 0
E 624 626 0
E 626 624 0
E 626 624 0
E 624 626 0
E 808 666 0
E 808 1369 0
E 808 1182 0
E 1369 808 0
E 1182 1369 0
E 1182 666 0
E 1182 808 0
E 1369 1182 0
E 666 808 0
E 666 1182 0
E 666 1369 0
E 1369 666 0
E 1369 808 0
E 1369 1182 0
E 1369 666 0
E 666 1369 0
E 1646 741 0
E 1646 590 0
E 1646 169 0
E 169 1646 0
E 169 741 0
E 169 590 0
E 169 1646 0
E 1646 169 0
E 590 741 0
E 590 169 0
E 590 1646 0
E 169 590 0
E 741 169 0
E 741 590 0
E 741 1646 0
E 590 741 0
E 141 121 0
E 121 141 0
E 121 141 0
E 141 121 0
E 1006 1241 0
E 1006 154 0
E 1006 1715 0
E 1715 1006 0
E 1241 1715 0
E 1241 154 0
E 1241 1006 0
E 154 1241 0
E 154 1006 0
E 154 1241 0
E 154 1715 0
E 1006 154 0
E 1715 1006 0
E 1715 154 0
E 1715 1241 0
E 1006 1715 0
E 1756 1655 0
E 1756 504 0
E 1756 1666 0
E 1666 1756 0
E 1666 1655 0
E 1666 1756 0
E 1666 504 0
E 1756 1666 0
E 1655 504 0
E 1655 1666 0
E 1655 1756 0
E 1666 1655 0
E 504 1666 0
E 504 1655 0
E 504 1756 0
E 1666 504 0
E 356 1111 0
E 1111 356 0
E 1111 356 0
E 356 1111 0
E 204 652 0
E 204 446 0
E 652 204 0
E 652 204 0
E 652 446 0
E 446 652 0
E 446 204 0
E 446 652 0
E 204 446 0
E 1670 1247 0
E 1670 1324 0
E 1670 822 0
E 23 1670 0
E 822 1324 0
E 822 1670 0
E 822 23 0
E 1670 822 0
E 1324 1670 0
E 1324 822 0
E 1324 1247 0
E 23 1324 0
E 1247 1670 0
E 1247 822 0
E 1247 23 0
E 1670 1247 0
E 23 1670 0
E 23 1247 0
E 23 822 0
E 1324 23 0
E 1496 963 0
E 1496 956 0
E 956 1496 0
E 963 1496 0
E 963 956 0
E 1496 963 0
E 956 1496 0
E 956 963 0
E 963 956 0
E 1574 443 0
E 1574 1275 0
E 1275 1574 0
E 443 1574 0
E 443 1275 0
E 1574 443 0
E 1275 1574 0
E 1275 443 0
E 1574 1275 0
E 663 736 0
E 663 1448 0
E 736 663 0
E 736 663 0
E 736 1448 0
E 663 736 0
E 1448 663 0
E 1448 736 0
E 663 1448 0
E 871 857 0
E 871 274 0
E 857 871 0
E 857 871 0
E 857 274 0
E 871 857 0
E 274 871 0
E 274 857 0
E 871 274 0
E 1435 1446 0
E 1435 57 0
E 57 1435 0
E 1446 1435 0
E 1446 57 0
E 57 1446 0
E 57 1435 0
E 57 1446 0
E 1435 57 0
E 1722 385 0
E 1722 1233 0
E 1722 476 0
E 1233 1722 0
E 476 1722 0
E 476 1233 0
E 476 385 0
E 1722 476 0
E 385 1722 0
E 385 476 0
E 385 1233 0
E 476 385 0
E 1233 1722 0
E 1233 385 0
E 1233 476 0
E 385 1233 0
E 435 755 0
E 435 21 0
E 435 1047 0
E 1047 435 0
E 755 21 0
E 755 435 0
E 755 1047 0
E 1047 755 0
E 1047 21 0
E 1047 435 0
E 1047 755 0
E 755 1047 0
E 21 755 0
E 21 1047 0
E 21 435 0
E 755 21 0
E 1397 1668 0
E 1668 1397 0
E 1668 1397 0
E 1397 1668 0
E 275 1278 0
E 1278 275 0
E 1278 275 0
E 275 1278 0
E 1099 1234 0
E 1099 293 0
E 1234 1099 0
E 1234 1099 0
E 1234 293 0
E 293 1234 0
E 293 1099 0
E 293 1234 0
E 1099 293 0
E 860 352 0
E 860 766 0
E 766 860 0
E 352 860 0
E 352 766 0
E 860 352 0
E 766 860 0
E 766 352 0
E 860 766 0
E 816 631 0
E 631 816 0
E 631 816 0
E 816 631 0
E 772 408 0
E 408 772 0
E 408 772 0
E 772 408 0
E 1662 961 0
E 961 1662 0
E 961 1662 0
E 1662 961 0
E 1173 947 0
E 947 1173 0
E 947 1173 0
E 1173 947 0
E 1457 1136 0
E 1457 821 0
E 1457 328 0
E 328 1457 0
E 1136 1457 0
E 1136 821 0
E 1136 328 0
E 1457 1136 0
E 821 1136 0
E 821 328 0
E 821 1457 0
E 1136 821 0
E 328 821 0
E 328 1136 0
E 328 1457 0
E 1136 328 0
E 1548 1025 0
E 1548 1746 0
E 1548 1511 0
E 1746 1548 0
E 1746 1025 0
E 1746 1548 0
E 1746 1511 0
E 1548 1746 0
E 1511 1025 0
E 1511 1746 0
E 1511 1548 0
E 1548 1511 0
E 1025 1511 0
E 1025 1548 0
E 1025 1746 0
E 1548 1025 0
E 1192 877 0
E 1192 634 0
E 1192 1315 0
E 877 1192 0
E 877 1192 0
E 877 634 0
E 877 1315 0
E 634 877 0
E 634 877 0
E 634 1192 0
E 634 1315 0
E 1192 634 0
E 1315 634 0
E 1315 877 0
E 1315 1192 0
E 877 1315 0
E 1222 550 0
E 550 1222 0
E 550 1222 0
E 1222 550 0
E 1743 350 0
E 350 1743 0
E 350 1743 0
E 1743 350 0
E 505 65 0
E 505 1351 0
E 65 505 0
E 65 505 0
E 65 1351 0
E 505 65 0
E 1351 505 0
E 1351 65 0
E 505 1351 0
E 710 194 0
E 194 710 0
E 194 710 0
E 710 194 0
E 1005 108 0
E 108 1005 0
E 108 1005 0
E 1005 108 0
E 24 1307 0
E 24 1259 0
E 1259 24 0
E 1307 24 0
E 1307 1259 0
E 1259 1307 0
E 1259 24 0
E 1259 1307 0
E 1307 1259 0
E 1537 226 0
E 1537 50 0
E 1537 46 0
E 50 1537 0
E 46 50 0
E 46 226 0
E 46 1537 0
E 226 46 0
E 226 50 0
E 226 46 0
E 226 1537 0
E 1537 226 0
E 50 226 0
E 50 46 0
E 50 1537 0
E 226 50 0
E 686 570 0
E 570 686 0
E 570 686 0
E 686 570 0
E 1116 1644 0
E 1116 1478 0
E 1644 1116 0
E 1644 1116 0
E 1644 1478 0
E 1478 1644 0
E 1478 1116 0
E 1478 1644 0
E 1116 1478 0
E 1385 1283 0
E 1385 365 0
E 365 1385 0
E 1283 1385 0
E 1283 365 0
E 1385 1283 0
E 365 1385 0
E 365 1283 0
E 1283 365 0
E 1510 166 0
E 166 1510 0
E 166 1510 0
E 1510 166 0
E 1101 491 0
E 491 1101 0
E 491 1101 0
E 1101 491 0
E 1185 1412 0
E 1185 253 0
E 253 1185 0
E 1412 1185 0
E 1412 253 0
E 1185 1412 0
E 253 1185 0
E 253 1412 0
E 1185 253 0
E 1500 979 0
E 1500 1619 0
E 1619 1500 0
E 979 1500 0
E 979 1619 0
E 1619 979 0
E 1619 1500 0
E 1619 979 0
E 979 1619 0
E 598 405 0
E 405 598 0
E 405 598 0
E 598 405 0
E 865 1253 0
E 865 186 0
E 865 244 0
E 1614 865 0
E 186 244 0
E 186 1614 0
E 186 1253 0
E 865 186 0
E 1614 186 0
E 1614 1253 0
E 1614 244 0
E 865 1614 0
E 244 1253 0
E 244 186 0
E 244 865 0
E 1614 244 0
E 1253 244 0
E 1253 865 0
E 1253 1614 0
E 865 1253 0
E 1773 1398 0
E 1773 982 0
E 982 1773 0
E 1398 1773 0
E 1398 982 0
E 982 1398 0
E 982 1773 0
E 982 1398 0
E 1398 982 0
E 1168 1648 0
E 1168 99 0
E 99 1168 0
E 1648 1168 0
E 1648 99 0
E 99 1648 0
E 99 1168 0
E 99 1648 0
E 1648 99 0
E 250 1149 0
E 250 338 0
E 250 1449 0
E 1449 250 0
E 1149 338 0
E 1149 1449 0
E 1149 250 0
E 338 1149 0
E 1449 338 0
E 1449 1149 0
E 1449 250 0
E 250 1449 0
E 338 1149 0
E 338 250 0
E 338 1449 0
E 1149 338 0
E 1767 394 0
E 394 1767 0
E 394 1767 0
E 1767 394 0
E 1264 1178 0
E 1264 420 0
E 1264 870 0
E 870 1264 0
E 870 420 0
E 870 1178 0
E 870 1264 0
E 1264 870 0
E 1178 420 0
E 1178 870 0
E 1178 1264 0
E 420 1178 0
E 420 1264 0
E 420 1178 0
E 420 870 0
E 1264 420 0
E 388 1525 0
E 388 1122 0
E 1122 388 0
E 1525 388 0
E 1525 1122 0
E 388 1525 0
E 1122 388 0
E 1122 1525 0
E 1525 1122 0
E 384 1187 0
E 1187 384 0
E 1187 384 0
E 384 1187 0
E 1260 1680 0
E 1260 413 0
E 1680 1260 0
E 1680 1260 0
E 1680 413 0
E 413 1680 0
E 413 1260 0
E 413 1680 0
E 1260 413 0
E 1059 919 0
E 919 1059 0
E 919 1059 0
E 1059 919 0
E 799 732 0
E 799 1543 0
E 799 1572 0
E 1572 799 0
E 1543 799 0
E 1543 732 0
E 1543 1572 0
E 732 1543 0
E 1572 799 0
E 1572 1543 0
E 1572 732 0
E 732 1572 0
E 732 1572 0
E 732 1543 0
E 732 799 0
E 799 732 0
E 1170 1568 0
E 1170 538 0
E 1568 1170 0
E 1568 1170 0
E 1568 538 0
E 538 1568 0
E 538 1170 0
E 538 1568 0
E 1568 538 0
E 706 251 0
E 706 1423 0
E 706 203 0
E 1423 706 0
E 251 203 0
E 251 706 0
E 251 1423 0
E 203 251 0
E 1423 203 0
E 1423 706 0
E 1423 251 0
E 251 1423 0
E 203 1423 0
E 203 251 0
E 203 706 0
E 1423 203 0
E 1492 173 0
E 173 1492 0
E 173 1492 0
E 1492 173 0
E 1294 1650 0
E 1650 1294 0
E 1650 1294 0
E 1294 1650 0
E 1134 1587 0
E 1134 1566 0
E 1566 1134 0
E 1587 1134 0
E 1587 1566 0
E 1134 1587 0
E 1566 1134 0
E 1566 1587 0
E 1587 1566 0
E 1654 1531 0
E 1654 1723 0
E 1654 1367 0
E 1723 1654 0
E 1535 1723 0
E 1535 1531 0
E 1535 1654 0
E 1723 1535 0
E 1723 1654 0
E 1723 1535 0
E 1723 1367 0
E 1531 1723 0
E 1367 1535 0
E 1367 1531 0
E 1367 1654 0
E 1654 1367 0
E 1531 1535 0
E 1531 1723 0
E 1531 1367 0
E 1367 1531 0
E 1467 297 0
E 1467 425 0
E 425 1467 0
E 297 1467 0
E 297 425 0
E 425 297 0
E 425 1467 0
E 425 297 0
E 297 425 0
E 174 472 0
E 472 174 0
E 472 174 0
E 174 472 0
E 635 1021 0
E 635 1745 0
E 635 638 0
E 1745 635 0
E 638 1021 0
E 638 1745 0
E 638 635 0
E 635 638 0
E 1021 1745 0
E 1021 638 0
E 1021 635 0
E 638 1021 0
E 1745 635 0
E 1745 638 0
E 1745 1021 0
E 638 1745 0
E 45 622 0
E 622 45 0
E 622 45 0
E 45 622 0
E 1200 216 0
E 216 1200 0
E 216 1200 0
E 1200 216 0
E 343 315 0
E 315 343 0
E 315 343 0
E 343 315 0
E 1763 56 0
E 1763 531 0
E 531 1763 0
E 56 1763 0
E 56 531 0
E 531 56 0
E 531 1763 0
E 531 56 0
E 56 531 0
E 210 892 0
E 892 210 0
E 892 210 0
E 210 892 0
E 79 1040 0
E 79 1643 0
E 79 581 0
E 581 79 0
E 581 79 0
E 581 1040 0
E 581 1643 0
E 1040 581 0
E 1643 79 0
E 1643 1040 0
E 1643 581 0
E 581 1643 0
E 1040 581 0
E 1040 1643 0
E 1040 79 0
E 79 1040 0
E 1477 43 0
E 43 1477 0
E 43 1477 0
E 1477 43 0
E 340 378 0
E 340 1760 0
E 1760 340 0
E 378 340 0
E 378 1760 0
E 1760 378 0
E 1760 340 0
E 1760 378 0
E 340 1760 0
E 529 881 0
E 529 1156 0
E 529 509 0
E 1156 529 0
E 557 759 0
E 557 509 0
E 557 1156 0
E 509 557 0
E 881 509 0
E 881 529 0
E 881 759 0
E 509 881 0
E 1156 509 0
E 1156 557 0
E 1156 529 0
E 509 1156 0
E 759 557 0
E 759 529 0
E 759 881 0
E 529 759 0
E 509 557 0
E 509 759 0
E 509 1156 0
E 529 509 0
E 807 656 0
E 656 807 0
E 656 807 0
E 807 656 0
E 1431 969 0
E 1431 660 0
E 969 1431 0
E 969 1431 0
E 969 660 0
E 1431 969 0
E 660 1431 0
E 660 969 0
E 1431 660 0
E 1225 306 0
E 306 1225 0
E 306 1225 0
E 1225 306 0
E 647 387 0
E 387 647 0
E 387 647 0
E 647 387 0
E 561 1532 0
E 561 1181 0
E 561 878 0
E 1532 561 0
E 1532 561 0
E 1532 1181 0
E 1532 878 0
E 1181 1532 0
E 1181 1532 0
E 1181 878 0
E 1181 561 0
E 561 1181 0
E 878 561 0
E 878 1532 0
E 878 1181 0
E 1181 878 0
E 643 790 0
E 643 1540 0
E 1540 643 0
E 790 643 0
E 790 1540 0
E 643 790 0
E 1540 643 0
E 1540 790 0
E 790 1540 0
E 27 594 0
E 594 27 0
E 594 27 0
E 27 594 0
E 1630 1106 0
E 1630 1542 0
E 1106 1630 0
E 1106 1630 0
E 1106 1542 0
E 1630 1106 0
E 1542 1630 0
E 1542 1106 0
E 1630 1542 0
E 1441 1163 0
E 1163 1441 0
E 1163 1441 0
E 1441 1163 0
E 1780 1274 0
E 1780 645 0
E 1274 1780 0
E 1274 1780 0
E 1274 645 0
E 1780 1274 0
E 645 1780 0
E 645 1274 0
E 1274 645 0
E 1434 1671 0
E 1671 1434 0
E 1671 1434 0
E 1434 1671 0
E 400 1029 0
E 400 1747 0
E 400 1221 0
E 1747 400 0
E 1221 1298 0
E 1221 1747 0
E 1221 360 0
E 1298 1221 0
E 360 1221 0
E 360 1298 0
E 360 1373 0
E 1373 360 0
E 1747 360 0
E 1747 1373 0
E 1747 1029 0
E 1298 1747 0
E 1298 1373 0
E 1298 400 0
E 1298 1747 0
E 1747 1298 0
E 1029 1747 0
E 1029 1221 0
E 1029 1373 0
E 1298 1029 0
E 1373 1747 0
E 1373 400 0
E 1373 1029 0
E 1298 1373 0
E 1055 1663 0
E 1055 958 0
E 1663 1055 0
E 1663 1055 0
E 1663 958 0
E 1055 1663 0
E 958 1055 0
E 958 1663 0
E 1663 958 0
E 429 11 0
E 11 429 0
E 11 429 0
E 429 11 0
E 1686 1711 0
E 1711 1686 0
E 1711 1686 0
E 1686 1711 0
E 128 1708 0
E 1708 128 0
E 1708 128 0
E 128 1708 0
E 805 1764 0
E 805 4 0
E 805 137 0
E 4 805 0
E 137 1764 0
E 137 805 0
E 137 4 0
E 805 137 0
E 4 1764 0
E 4 137 0
E 4 805 0
E 137 4 0
E 1764 4 0
E 1764 137 0
E 1764 805 0
E 805 1764 0
E 1720 362 0
E 1720 369 0
E 1720 1647 0
E 1647 1720 0
E 362 1720 0
E 362 369 0
E 362 1647 0
E 1647 362 0
E 369 362 0
E 369 1647 0
E 369 1720 0
E 362 369 0
E 1647 362 0
E 1647 369 0
E 1647 1720 0
E 1720 1647 0
E 406 829 0
E 406 308 0
E 308 406 0
E 829 406 0
E 829 308 0
E 406 829 0
E 308 406 0
E 308 829 0
E 829 308 0
E 885 1097 0
E 885 1642 0
E 1097 885 0
E 1097 885 0
E 1097 1642 0
E 1642 1097 0
E 1642 885 0
E 1642 1097 0
E 1097 1642 0
E 87 826 0
E 87 1273 0
E 826 87 0
E 826 87 0
E 826 1273 0
E 87 826 0
E 1273 87 0
E 1273 826 0
E 826 1273 0
E 238 1444 0
E 1444 238 0
E 1444 238 0
E 238 1444 0
E 12 236 0
E 12 296 0
E 296 12 0
E 236 12 0
E 236 296 0
E 12 236 0
E 296 12 0
E 296 236 0
E 236 296 0
E 1112 1558 0
E 1558 1112 0
E 1558 1112 0
E 1112 1558 0
E 718 900 0
E 718 1180 0
E 718 1442 0
E 900 718 0
E 1442 1180 0
E 1442 900 0
E 1442 718 0
E 1603 1442 0
E 900 718 0
E 900 1180 0
E 900 1442 0
E 1442 900 0
E 1180 900 0
E 1180 1442 0
E 1180 1603 0
E 1603 1180 0
E 1603 1442 0
E 1603 900 0
E 1603 1180 0
E 900 1603 0
E 341 677 0
E 341 461 0
E 677 341 0
E 677 341 0
E 677 461 0
E 341 677 0
E 461 341 0
E 461 677 0
E 677 461 0
E 1165 827 0
E 1165 556 0
E 556 1165 0
E 827 1165 0
E 827 556 0
E 556 827 0
E 556 1165 0
E 556 827 0
E 827 556 0
E 233 748 0
E 233 754 0
E 754 233 0
E 748 233 0
E 748 754 0
E 754 748 0
E 754 233 0
E 754 748 0
E 233 754 0
E 1765 1580 0
E 1580 1765 0
E 1580 1765 0
E 1765 1580 0
E 471 371 0
E 371 471 0
E 371 471 0
E 471 371 0
E 382 249 0
E 382 222 0
E 382 1037 0
E 1037 382 0
E 249 382 0
E 249 1037 0
E 249 222 0
E 222 249 0
E 222 249 0
E 222 382 0
E 222 1037 0
E 1037 222 0
E 1037 222 0
E 1037 382 0
E 1037 249 0
E 249 1037 0
E 990 818 0
E 990 1475 0
E 1475 990 0
E 818 990 0
E 818 1475 0
E 990 818 0
E 1475 990 0
E 1475 818 0
E 990 1475 0
E 1074 1617 0
E 1074 188 0
E 1074 407 0
E 407 1074 0
E 188 407 0
E 188 1617 0
E 188 1427 0
E 1427 188 0
E 1427 1074 0
E 1427 407 0
E 1427 1617 0
E 188 1427 0
E 407 1074 0
E 407 188 0
E 407 1427 0
E 1074 407 0
E 1617 407 0
E 1617 1427 0
E 1617 188 0
E 1074 1617 0
E 608 1281 0
E 608 1447 0
E 1447 608 0
E 1281 608 0
E 1281 1447 0
E 608 1281 0
E 1447 608 0
E 1447 1281 0
E 608 1447 0
E 1641 1334 0
E 1334 1641 0
E 1334 1641 0
E 1641 1334 0
E 298 195 0
E 298 592 0
E 195 298 0
E 195 298 0
E 195 592 0
E 298 195 0
E 592 298 0
E 592 195 0
E 195 592 0
E 295 1768 0
E 1768 295 0
E 1768 295 0
E 295 1768 0
E 1664 450 0
E 1664 902 0
E 902 1664 0
E 450 1664 0
E 450 902 0
E 1664 450 0
E 902 1664 0
E 902 450 0
E 450 902 0
E 839 1406 0
E 839 1749 0
E 1406 839 0
E 1406 839 0
E 1406 1749 0
E 839 1406 0
E 1749 839 0
E 1749 1406 0
E 1406 1749 0
E 1198 304 0
E 304 1198 0
E 304 1198 0
E 1198 304 0
E 150 1528 0
E 1528 150 0
E 1528 150 0
E 150 1528 0
E 1420 1007 0
E 1420 574 0
E 1007 1420 0
E 1007 1420 0
E 1007 574 0
E 1420 1007 0
E 574 1420 0
E 574 1007 0
E 1420 574 0
E 555 1725 0
E 555 921 0
E 555 1243 0
E 1243 555 0
E 1243 555 0
E 1243 921 0
E 1243 1725 0
E 555 1243 0
E 921 555 0
E 921 1243 0
E 921 1725 0
E 1725 921 0
E 1725 555 0
E 1725 1243 0
E 1725 921 0
E 921 1725 0
E 682 1684 0
E 682 617 0
E 617 682 0
E 1684 682 0
E 1684 617 0
E 682 1684 0
E 617 682 0
E 617 1684 0
E 682 617 0
E 423 100 0
E 100 423 0
E 100 423 0
E 423 100 0
E 593 1571 0
E 1571 593 0
E 1571 593 0
E 593 1571 0
E 270 1633 0
E 1633 270 0
E 1633 270 0
E 270 1633 0
E 132 702 0
E 702 132 0
E 702 132 0
E 132 702 0
E 1438 220 0
E 1438 221 0
E 1438 200 0
E 220 1438 0
E 1169 1438 0
E 1169 200 0
E 1169 221 0
E 220 1169 0
E 200 220 0
E 200 1169 0
E 200 1438 0
E 1169 200 0
E 221 1169 0
E 221 200 0
E 221 220 0
E 1169 221 0
E 220 1169 0
E 220 200 0
E 220 221 0
E 200 220 0
E 697 1753 0
E 697 32 0
E 697 159 0
E 1753 697 0
E 159 697 0
E 159 32 0
E 159 1753 0
E 1753 159 0
E 1753 159 0
E 1753 697 0
E 1753 32 0
E 159 1753 0
E 32 1753 0
E 32 159 0
E 32 697 0
E 1753 32 0
E 1189 268 0
E 1189 796 0
E 1189 1770 0
E 1770 1189 0
E 796 1770 0
E 796 268 0
E 796 1189 0
E 1189 796 0
E 1770 268 0
E 1770 1189 0
E 1770 796 0
E 1189 1770 0
E 268 1770 0
E 268 796 0
E 268 1189 0
E 1189 268 0
E 882 848 0
E 882 1087 0
E 1087 882 0
E 848 882 0
E 848 1087 0
E 1087 848 0
E 1087 882 0
E 1087 848 0
E 882 1087 0
E 229 1071 0
E 1071 229 0
E 1071 229 0
E 229 1071 0
E 1498 1754 0
E 1498 744 0
E 744 1498 0
E 1754 1498 0
E 1754 744 0
E 1498 1754 0
E 744 1498 0
E 744 1754 0
E 1754 744 0
E 720 510 0
E 510 720 0
E 510 720 0
E 720 510 0
E 1322 535 0
E 1322 13 0
E 1322 1597 0
E 1597 1322 0
E 535 13 0
E 535 965 0
E 535 1322 0
E 1322 535 0
E 13 965 0
E 13 1322 0
E 13 1597 0
E 1322 13 0
E 1597 535 0
E 1597 965 0
E 1597 1322 0
E 965 1597 0
E 965 1322 0
E 965 1597 0
E 965 13 0
E 1597 965 0
E 784 889 0
E 784 1291 0
E 784 243 0
E 1291 784 0
E 889 243 0
E 889 784 0
E 889 1291 0
E 243 889 0
E 1291 889 0
E 1291 243 0
E 1291 784 0
E 889 1291 0
E 243 784 0
E 243 1291 0
E 243 889 0
E 889 243 0
E 1339 258 0
E 1339 1769 0
E 1769 1339 0
E 258 1339 0
E 258 1769 0
E 1769 258 0
E 1769 1339 0
E 1769 258 0
E 1339 1769 0
E 673 544 0
E 673 1333 0
E 673 712 0
E 1333 673 0
E 523 673 0
E 523 1333 0
E 523 712 0
E 673 523 0
E 712 673 0
E 712 523 0
E 712 1333 0
E 544 712 0
E 544 1333 0
E 544 523 0
E 544 712 0
E 712 544 0
E 1333 544 0
E 1333 673 0
E 1333 712 0
E 523 1333 0
E 1024 842 0
E 1024 565 0
E 842 1024 0
E 842 1024 0
E 842 565 0
E 565 842 0
E 565 1024 0
E 565 842 0
E 842 565 0
E 155 1344 0
E 155 1629 0
E 155 110 0
E 1344 155 0
E 110 1344 0
E 110 1629 0
E 110 155 0
E 1629 110 0
E 1344 155 0
E 1344 1629 0
E 1344 110 0
E 110 1344 0
E 1629 1344 0
E 1629 110 0
E 1629 155 0
E 1344 1629 0
E 913 1480 0
E 1480 913 0
E 1480 913 0
E 913 1480 0
E 1464 1621 0
E 1464 109 0
E 1464 1704 0
E 1203 1464 0
E 1704 1621 0
E 1704 109 0
E 1704 1203 0
E 1464 1704 0
E 109 1621 0
E 109 1464 0
E 109 1704 0
E 1203 109 0
E 1621 1203 0
E 1621 109 0
E 1621 1464 0
E 1704 1621 0
E 1203 1621 0
E 1203 109 0
E 1203 1464 0
E 1704 1203 0
E 78 1402 0
E 78 1293 0
E 1402 78 0
E 1402 78 0
E 1402 1293 0
E 78 1402 0
E 1293 78 0
E 1293 1402 0
E 1402 1293 0
E 943 721 0
E 943 1462 0
E 943 430 0
E 1462 943 0
E 1462 430 0
E 1462 943 0
E 1462 721 0
E 943 1462 0
E 430 943 0
E 430 721 0
E 430 1462 0
E 721 430 0
E 721 430 0
E 721 943 0
E 721 1462 0
E 943 721 0
E 1028 39 0
E 39 1028 0
E 39 1028 0
E 1028 39 0
E 1049 1541 0
E 1049 1721 0
E 1049 134 0
E 1721 1049 0
E 1721 1541 0
E 1721 1049 0
E 1721 134 0
E 1049 1721 0
E 1541 134 0
E 1541 1049 0
E 1541 1721 0
E 1049 1541 0
E 134 1541 0
E 134 1049 0
E 134 1721 0
E 1721 134 0
E 498 1310 0
E 498 999 0
E 498 690 0
E 999 498 0
E 1310 498 0
E 1310 690 0
E 1310 999 0
E 498 1310 0
E 999 498 0
E 999 1310 0
E 999 690 0
E 498 999 0
E 690 1310 0
E 690 498 0
E 690 999 0
E 1310 690 0
E 654 199 0
E 199 654 0
E 199 654 0
E 654 199 0
E 196 596 0
E 596 196 0
E 596 196 0
E 196 596 0
E 1325 751 0
E 1325 983 0
E 1325 1267 0
E 751 1325 0
E 1267 751 0
E 1267 1325 0
E 1267 983 0
E 751 1267 0
E 983 1325 0
E 983 1267 0
E 983 751 0
E 1267 983 0
E 751 1325 0
E 751 1267 0
E 751 983 0
E 983 751 0
E 976 709 0
E 976 770 0
E 976 683 0
E 770 976 0
E 683 709 0
E 683 770 0
E 683 976 0
E 976 683 0
E 770 709 0
E 770 683 0
E 770 976 0
E 683 770 0
E 709 770 0
E 709 683 0
E 709 976 0
E 976 709 0
E 1685 628 0
E 1685 1495 0
E 628 1685 0
E 628 1685 0
E 628 1495 0
E 1495 628 0
E 1495 1685 0
E 1495 628 0
E 1685 1495 0
E 1741 411 0
E 411 1741 0
E 411 1741 0
E 1741 411 0
E 1135 794 0
E 1135 1513 0
E 1135 1015 0
E 1513 1135 0
E 1015 1135 0
E 1015 794 0
E 1015 1513 0
E 794 1015 0
E 1513 1135 0
E 1513 1015 0
E 1513 794 0
E 794 1513 0
E 794 1135 0
E 794 1015 0
E 794 1513 0
E 1135 794 0
E 6 1414 0
E 1414 6 0
E 1414 6 0
E 6 1414 0
E 929 1487 0
E 1487 929 0
E 1487 929 0
E 929 1487 0
E 265 767 0
E 767 265 0
E 767 265 0
E 265 767 0
E 1628 694 0
E 694 1628 0
E 694 1628 0
E 1628 694 0
E 798 1640 0
E 798 1522 0
E 798 1570 0
E 1640 798 0
E 1522 1570 0
E 1522 1640 0
E 1522 798 0
E 798 1522 0
E 1570 1522 0
E 1570 798 0
E 1570 1640 0
E 798 1570 0
E 1640 1570 0
E 1640 798 0
E 1640 1522 0
E 1570 1640 0
E 481 1390 0
E 481 735 0
E 735 481 0
E 1390 481 0
E 1390 735 0
E 481 1390 0
E 735 481 0
E 735 1390 0
E 481 735 0
E 668 1403 0
E 668 539 0
E 539 668 0
E 1403 668 0
E 1403 539 0
E 668 1403 0
E 539 668 0
E 539 1403 0
E 668 539 0
E 172 743 0
E 743 172 0
E 743 172 0
E 172 743 0
E 1463 1429 0
E 1463 1252 0
E 1463 1553 0
E 1429 1463 0
E 1553 1252 0
E 1553 1463 0
E 1553 1429 0
E 1252 1553 0
E 1429 1463 0
E 1429 1553 0
E 1429 1252 0
E 1252 1429 0
E 1252 1553 0
E 1252 1429 0
E 1252 1463 0
E 1463 1252 0
E 281 1627 0
E 281 1370 0
E 281 1167 0
E 1627 281 0
E 1370 1622 0
E 1370 1627 0
E 1370 281 0
E 1167 1370 0
E 1627 281 0
E 1627 1167 0
E 1627 1370 0
E 1370 1627 0
E 1622 1627 0
E 1622 1167 0
E 1622 281 0
E 1167 1622 0
E 1167 1627 0
E 1167 1370 0
E 1167 1622 0
E 1627 1167 0
E 1057 911 0
E 1057 1131 0
E 1057 1534 0
E 1534 1057 0
E 1534 1057 0
E 1534 911 0
E 1534 1086 0
E 1086 1534 0
E 1131 1057 0
E 1131 911 0
E 1131 1086 0
E 911 1131 0
E 911 1131 0
E 911 1057 0
E 911 1086 0
E 1131 911 0
E 1086 1534 0
E 1086 1057 0
E 1086 911 0
E 1131 1086 0
E 722 327 0
E 327 722 0
E 327 722 0
E 722 327 0
E 452 72 0
E 452 267 0
E 72 452 0
E 72 452 0
E 72 267 0
E 452 72 0
E 267 452 0
E 267 72 0
E 452 267 0
E 824 601 0
E 824 904 0
E 824 1557 0
E 1557 824 0
E 418 904 0
E 418 824 0
E 418 1557 0
E 1557 418 0
E 1557 418 0
E 1557 824 0
E 1557 904 0
E 824 1557 0
E 601 418 0
E 601 904 0
E 601 824 0
E 418 601 0
E 904 824 0
E 904 601 0
E 904 1557 0
E 1557 904 0
E 1012 745 0
E 1012 1143 0
E 1143 1012 0
E 745 1012 0
E 745 1143 0
E 1143 745 0
E 1143 1012 0
E 1143 745 0
E 1012 1143 0
E 1697 1710 0
E 1710 1697 0
E 1710 1697 0
E 1697 1710 0
E 1345 901 0
E 1345 1739 0
E 901 1345 0
E 901 1345 0
E 901 1739 0
E 1345 901 0
E 1739 1345 0
E 1739 901 0
E 901 1739 0
E 1585 568 0
E 568 1585 0
E 568 1585 0
E 1585 568 0
E 1691 1726 0
E 1726 1691 0
E 1726 1691 0
E 1691 1726 0
E 1343 1719 0
E 1719 1343 0
E 1719 1343 0
E 1343 1719 0
E 42 305 0
E 42 669 0
E 669 42 0
E 305 42 0
E 305 669 0
E 669 305 0
E 669 42 0
E 669 305 0
E 42 669 0
E 630 1240 0
E 630 1401 0
E 1401 630 0
E 1240 630 0
E 1240 1401 0
E 1401 1240 0
E 1401 630 0
E 1401 1240 0
E 630 1401 0
E 1196 740 0
E 1196 1583 0
E 740 1196 0
E 740 1196 0
E 740 1583 0
E 1196 740 0
E 1583 1196 0
E 1583 740 0
E 1196 1583 0
E 776 105 0
E 776 526 0
E 526 776 0
E 105 776 0
E 105 526 0
E 776 105 0
E 526 776 0
E 526 105 0
E 105 526 0
E 866 852 0
E 866 861 0
E 852 866 0
E 852 866 0
E 852 861 0
E 861 852 0
E 861 866 0
E 861 852 0
E 852 861 0
E 1010 1417 0
E 1417 1010 0
E 1417 1010 0
E 1010 1417 0
E 7 1199 0
E 7 1176 0
E 1199 7 0
E 1199 7 0
E 1199 1176 0
E 7 1199 0
E 1176 7 0
E 1176 1199 0
E 7 1176 0
E 1191 1329 0
E 1191 895 0
E 895 1191 0
E 1329 1191 0
E 1329 895 0
E 895 1329 0
E 895 1191 0
E 895 1329 0
E 1191 895 0
E 29 1305 0
E 1305 29 0
E 1305 29 0
E 29 1305 0
E 447 58 0
E 447 280 0
E 280 447 0
E 58 447 0
E 58 280 0
E 447 58 0
E 280 447 0
E 280 58 0
E 58 280 0
E 695 493 0
E 695 993 0
E 695 1694 0
E 1694 695 0
E 493 1694 0
E 493 695 0
E 493 1050 0
E 695 493 0
E 1694 493 0
E 1694 993 0
E 1694 695 0
E 493 1694 0
E 993 1694 0
E 993 1050 0
E 993 695 0
E 1050 993 0
E 1050 493 0
E 1050 993 0
E 1050 695 0
E 1694 1050 0
E 648 713 0
E 648 290 0
E 290 648 0
E 713 648 0
E 713 290 0
E 648 713 0
E 290 648 0
E 290 713 0
E 648 290 0
E 632 854 0
E 632 218 0
E 854 632 0
E 854 632 0
E 854 218 0
E 632 854 0
E 218 632 0
E 218 854 0
E 632 218 0
E 600 1188 0
E 600 823 0
E 823 600 0
E 1188 600 0
E 1188 823 0
E 600 1188 0
E 823 600 0
E 823 1188 0
E 1188 823 0
E 1368 665 0
E 1368 1352 0
E 665 1368 0
E 665 1368 0
E 665 1352 0
E 1368 665 0
E 1352 1368 0
E 1352 665 0
E 1368 1352 0
E 276 339 0
E 339 276 0
E 339 276 0
E 276 339 0
E 1450 1502 0
E 1502 1450 0
E 1502 1450 0
E 1450 1502 0
E 1588 891 0
E 891 1588 0
E 891 1588 0
E 1588 891 0
E 604 906 0
E 604 1550 0
E 604 524 0
E 1550 604 0
E 906 1550 0
E 906 524 0
E 906 604 0
E 524 906 0
E 524 1550 0
E 524 604 0
E 524 906 0
E 1550 524 0
E 1550 524 0
E 1550 604 0
E 1550 906 0
E 604 1550 0
E 1482 248 0
E 248 1482 0
E 248 1482 0
E 1482 248 0
E 1407 1353 0
E 1407 1545 0
E 1353 1407 0
E 1353 1407 0
E 1353 1545 0
E 1407 1353 0
E 1545 1407 0
E 1545 1353 0
E 1407 1545 0
E 534 1757 0
E 534 1162 0
E 534 1008 0
E 1162 534 0
E 1757 534 0
E 1757 1008 0
E 1757 1162 0
E 534 1757 0
E 1008 1162 0
E 1008 1757 0
E 1008 534 0
E 1757 1008 0
E 1162 534 0
E 1162 1757 0
E 1162 1008 0
E 534 1162 0
E 332 530 0
E 530 332 0
E 530 332 0
E 332 530 0
E 1561 855 0
E 855 1561 0
E 855 1561 0
E 1561 855 0
E 1734 547 0
E 1734 985 0
E 1734 1110 0
E 985 1734 0
E 547 985 0
E 547 1110 0
E 547 1734 0
E 1734 547 0
E 1110 985 0
E 1110 1734 0
E 1110 547 0
E 547 1110 0
E 985 1734 0
E 985 1110 0
E 985 547 0
E 1110 985 0
E 64 377 0
E 64 1335 0
E 1335 64 0
E 377 64 0
E 377 1335 0
E 64 377 0
E 1335 64 0
E 1335 377 0
E 377 1335 0
E 412 488 0
E 412 579 0
E 488 412 0
E 488 412 0
E 488 579 0
E 579 488 0
E 579 412 0
E 579 488 0
E 488 579 0
E 10 1705 0
E 10 1311 0
E 1311 10 0
E 1705 10 0
E 1705 1311 0
E 10 1705 0
E 1311 10 0
E 1311 1705 0
E 10 1311 0
E 684 1004 0
E 1004 684 0
E 1004 684 0
E 684 1004 0
E 1409 9 0
E 9 1409 0
E 9 1409 0
E 1409 9 0
E 1724 729 0
E 729 1724 0
E 729 1724 0
E 1724 729 0
E 591 950 0
E 591 467 0
E 591 207 0
E 207 591 0
E 1564 207 0
E 1564 467 0
E 1564 591 0
E 591 1564 0
E 467 207 0
E 467 950 0
E 467 1564 0
E 591 467 0
E 950 207 0
E 950 591 0
E 950 1564 0
E 591 950 0
E 207 467 0
E 207 1564 0
E 207 591 0
E 467 207 0
E 1445 1552 0
E 1445 1081 0
E 1552 1445 0
E 1552 1445 0
E 1552 1081 0
E 1445 1552 0
E 1081 1445 0
E 1081 1552 0
E 1445 1081 0
E 520 421 0
E 520 724 0
E 724 520 0
E 421 520 0
E 421 724 0
E 520 421 0
E 724 520 0
E 724 421 0
E 520 724 0
E 1095 780 0
E 1095 685 0
E 685 1095 0
E 780 1095 0
E 780 685 0
E 685 780 0
E 685 1095 0
E 685 780 0
E 1095 685 0
E 1433 1688 0
E 1688 1433 0
E 1688 1433 0
E 1433 1688 0
E 1148 213 0
E 213 1148 0
E 213 1148 0
E 1148 213 0
E 242 131 0
E 131 242 0
E 131 242 0
E 242 131 0
E 441 1589 0
E 1589 441 0
E 1589 441 0
E 441 1589 0
E 1520 1035 0
E 1035 1520 0
E 1035 1520 0
E 1520 1035 0
E 809 788 0
E 809 239 0
E 239 809 0
E 788 809 0
E 788 239 0
E 809 788 0
E 239 809 0
E 239 788 0
E 788 239 0
E 148 1212 0
E 1212 148 0
E 1212 148 0
E 148 1212 0
E 513 699 0
E 513 1098 0
E 699 513 0
E 699 513 0
E 699 1098 0
E 513 699 0
E 1098 513 0
E 1098 699 0
E 513 1098 0
E 1493 1323 0
E 1493 1529 0
E 1493 1430 0
E 959 1493 0
E 1430 1529 0
E 1430 959 0
E 1430 1493 0
E 959 1430 0
E 959 1430 0
E 959 1493 0
E 959 1529 0
E 1323 959 0
E 1323 1430 0
E 1323 1529 0
E 1323 1493 0
E 1529 1323 0
E 1529 1493 0
E 1529 1430 0
E 1529 1323 0
E 959 1529 0
E 1499 738 0
E 1499 970 0
E 970 1499 0
E 738 1499 0
E 738 970 0
E 970 738 0
E 970 1499 0
E 970 738 0
E 1499 970 0
E 578 33 0
E 578 1608 0
E 1608 578 0
E 33 578 0
E 33 1608 0
E 1608 33 0
E 1608 578 0
E 1608 33 0
E 578 1608 0
E 424 1562 0
E 424 262 0
E 424 336 0
E 1596 424 0
E 1562 424 0
E 1562 262 0
E 1562 336 0
E 262 1562 0
E 1596 262 0
E 1596 1562 0
E 1596 336 0
E 424 1596 0
E 262 1596 0
E 262 336 0
E 262 1562 0
E 1596 262 0
E 336 262 0
E 336 1596 0
E 336 424 0
E 1596 336 0
E 1280 1428 0
E 1428 1280 0
E 1428 1280 0
E 1280 1428 0
E 995 757 0
E 995 708 0
E 708 995 0
E 757 995 0
E 757 708 0
E 995 757 0
E 708 995 0
E 708 757 0
E 757 708 0
E 583 777 0
E 583 1556 0
E 777 583 0
E 777 583 0
E 777 1556 0
E 1556 777 0
E 1556 583 0
E 1556 777 0
E 777 1556 0
E 20 599 0
E 20 1289 0
E 599 20 0
E 599 20 0
E 599 1289 0
E 1289 599 0
E 1289 20 0
E 1289 599 0
E 20 1289 0
E 359 1075 0
E 1075 359 0
E 1075 359 0
E 359 1075 0
E 1363 1595 0
E 1363 1317 0
E 1317 1363 0
E 1595 1363 0
E 1595 1317 0
E 1317 1595 0
E 1317 1363 0
E 1317 1595 0
E 1595 1317 0
E 125 1703 0
E 1703 125 0
E 1703 125 0
E 125 1703 0
E 1184 717 0
E 717 1184 0
E 717 1184 0
E 1184 717 0
E 124 480 0
E 124 862 0
E 124 1304 0
E 1304 124 0
E 1304 124 0
E 1304 862 0
E 1304 480 0
E 480 1304 0
E 862 1304 0
E 862 480 0
E 862 124 0
E 124 862 0
E 480 124 0
E 480 1304 0
E 480 862 0
E 1304 480 0
E 1206 1365 0
E 1365 1206 0
E 1365 1206 0
E 1206 1365 0
E 284 1693 0
E 284 1364 0
E 284 758 0
E 758 284 0
E 758 284 0
E 758 1693 0
E 758 1364 0
E 1364 758 0
E 1364 284 0
E 1364 1693 0
E 1364 758 0
E 284 1364 0
E 1693 1364 0
E 1693 758 0
E 1693 284 0
E 1364 1693 0
E 1296 112 0
E 112 1296 0
E 112 1296 0
E 1296 112 0
E 936 1066 0
E 1066 936 0
E 1066 936 0
E 936 1066 0
E 924 1250 0
E 924 164 0
E 924 1698 0
E 1250 924 0
E 1250 164 0
E 1250 924 0
E 1250 1698 0
E 164 1250 0
E 164 1698 0
E 164 1539 0
E 164 924 0
E 1698 164 0
E 1698 924 0
E 1698 1539 0
E 1698 1250 0
E 164 1698 0
E 1539 1698 0
E 1539 164 0
E 1539 1250 0
E 924 1539 0
E 379 401 0
E 379 1678 0
E 401 379 0
E 401 379 0
E 401 1678 0
E 1678 401 0
E 1678 379 0
E 1678 401 0
E 401 1678 0
E 60 542 0
E 542 60 0
E 542 60 0
E 60 542 0
E 1774 322 0
E 322 1774 0
E 322 1774 0
E 1774 322 0
E 1229 1672 0
E 1229 528 0
E 1672 1229 0
E 1672 1229 0
E 1672 528 0
E 528 1672 0
E 528 1229 0
E 528 1672 0
E 1672 528 0
E 1078 1491 0
E 1491 1078 0
E 1491 1078 0
E 1078 1491 0
E 984 1013 0
E 984 1237 0
E 1013 984 0
E 1013 984 0
E 1013 1237 0
E 984 1013 0
E 1237 984 0
E 1237 1013 0
E 1013 1237 0
E 588 142 0
E 142 588 0
E 142 588 0
E 588 142 0
E 1555 1119 0
E 1555 319 0
E 1555 1061 0
E 319 1555 0
E 1061 763 0
E 1061 1119 0
E 1061 1555 0
E 319 1061 0
E 763 1555 0
E 763 1119 0
E 763 319 0
E 1119 763 0
E 1119 1061 0
E 1119 319 0
E 1119 1555 0
E 319 1119 0
E 319 1119 0
E 319 763 0
E 319 1061 0
E 763 319 0
E 719 361 0
E 719 1777 0
E 361 719 0
E 361 719 0
E 361 1777 0
E 1777 361 0
E 1777 719 0
E 1777 361 0
E 719 1777 0
E 366 1175 0
E 366 756 0
E 366 937 0
E 937 366 0
E 756 1175 0
E 756 937 0
E 756 366 0
E 366 756 0
E 937 366 0
E 937 1175 0
E 937 756 0
E 366 937 0
E 1175 366 0
E 1175 937 0
E 1175 756 0
E 756 1175 0
E 96 133 0
E 133 96 0
E 133 96 0
E 96 133 0
E 323 1590 0
E 323 615 0
E 323 1083 0
E 1083 323 0
E 1590 1083 0
E 1590 323 0
E 1590 26 0
E 323 1590 0
E 1083 323 0
E 1083 615 0
E 1083 1590 0
E 323 1083 0
E 26 1590 0
E 26 615 0
E 26 323 0
E 1083 26 0
E 615 26 0
E 615 323 0
E 615 1590 0
E 323 615 0
E 1690 395 0
E 395 1690 0
E 395 1690 0
E 1690 395 0
E 1508 1658 0
E 1508 146 0
E 1658 1508 0
E 1658 1508 0
E 1658 146 0
E 146 1658 0
E 146 1508 0
E 146 1658 0
E 1508 146 0
E 1594 1766 0
E 1594 667 0
E 1594 1781 0
E 1766 1594 0
E 1781 667 0
E 1781 1766 0
E 1781 1594 0
E 667 1781 0
E 1766 667 0
E 1766 1594 0
E 1766 1781 0
E 667 1766 0
E 667 1781 0
E 667 1766 0
E 667 1594 0
E 1781 667 0
E 178 80 0
E 178 644 0
E 644 178 0
E 80 178 0
E 80 644 0
E 178 80 0
E 644 178 0
E 644 80 0
E 80 644 0
E 1194 35 0
E 1194 573 0
E 1194 428 0
E 35 1194 0
E 198 1194 0
E 198 35 0
E 198 573 0
E 573 198 0
E 35 573 0
E 35 198 0
E 35 428 0
E 573 35 0
E 1153 573 0
E 1153 35 0
E 1153 428 0
E 1194 1153 0
E 428 1194 0
E 428 1153 0
E 428 573 0
E 35 428 0
E 573 1194 0
E 573 35 0
E 573 198 0
E 198 573 0
E 875 156 0
E 156 875 0
E 156 875 0
E 875 156 0
E 1356 537 0
E 537 1356 0
E 537 1356 0
E 1356 537 0
E 1302 1096 0
E 1096 1302 0
E 1096 1302 0
E 1302 1096 0
E 52 1748 0
E 1748 52 0
E 1748 52 0
E 52 1748 0
E 404 1090 0
E 404 1060 0
E 1090 404 0
E 1090 404 0
E 1090 1060 0
E 404 1090 0
E 1060 404 0
E 1060 1090 0
E 1090 1060 0
E 437 603 0
E 603 437 0
E 603 437 0
E 437 603 0
E 487 1639 0
E 487 778 0
E 487 1505 0
E 778 487 0
E 778 439 0
E 778 1639 0
E 778 487 0
E 1505 778 0
E 1639 1505 0
E 1639 439 0
E 1639 778 0
E 1505 1639 0
E 1505 487 0
E 1505 778 0
E 1505 1639 0
E 1639 1505 0
E 439 1639 0
E 439 778 0
E 439 1505 0
E 1505 439 0
E 1065 569 0
E 1065 1236 0
E 1065 680 0
E 209 1065 0
E 680 569 0
E 680 86 0
E 680 1236 0
E 209 680 0
E 86 1236 0
E 86 1065 0
E 86 569 0
E 680 86 0
E 569 680 0
E 569 209 0
E 569 1065 0
E 209 569 0
E 1236 86 0
E 1236 569 0
E 1236 1065 0
E 209 1236 0
E 209 86 0
E 209 569 0
E 209 1236 0
E 86 209 0
E 898 1114 0
E 1114 898 0
E 1114 898 0
E 898 1114 0
E 301 279 0
E 279 301 0
E 279 301 0
E 301 279 0
E 1211 25 0
E 1211 417 0
E 1211 716 0
E 595 1211 0
E 595 1696 0
E 595 1211 0
E 595 25 0
E 417 595 0
E 417 1211 0
E 417 716 0
E 417 1696 0
E 716 417 0
E 1696 417 0
E 1696 595 0
E 1696 1211 0
E 716 1696 0
E 25 1696 0
E 25 417 0
E 25 716 0
E 1211 25 0
E 716 595 0
E 716 417 0
E 716 1211 0
E 1211 716 0
E 115 1166 0
E 1166 115 0
E 1166 115 0
E 115 1166 0
E 1436 36 0
E 1436 1375 0
E 1436 269 0
E 1375 1436 0
E 36 1375 0
E 36 1436 0
E 36 269 0
E 1375 36 0
E 269 1375 0
E 269 1436 0
E 269 36 0
E 36 269 0
E 1375 36 0
E 1375 269 0
E 1375 1436 0
E 1436 1375 0
E 621 1140 0
E 1140 621 0
E 1140 621 0
E 621 1140 0
E 545 897 0
E 897 545 0
E 897 545 0
E 545 897 0
E 828 1483 0
E 828 1265 0
E 1265 828 0
E 1483 828 0
E 1483 1265 0
E 1265 1483 0
E 1265 828 0
E 1265 1483 0
E 1483 1265 0
E 769 329 0
E 769 1408 0
E 769 82 0
E 329 769 0
E 1408 769 0
E 1408 329 0
E 1408 82 0
E 329 1408 0
E 82 329 0
E 82 1408 0
E 82 769 0
E 329 82 0
E 329 82 0
E 329 769 0
E 329 1408 0
E 1408 329 0
E 1440 1456 0
E 1440 1017 0
E 1440 1772 0
E 1772 1440 0
E 1772 1456 0
E 1772 1440 0
E 1772 1017 0
E 1017 1772 0
E 1456 1017 0
E 1456 1440 0
E 1456 1772 0
E 1440 1456 0
E 1017 1772 0
E 1017 1456 0
E 1017 1440 0
E 1772 1017 0
E 1577 928 0
E 1577 140 0
E 1577 51 0
E 140 1577 0
E 928 51 0
E 928 140 0
E 928 1577 0
E 1577 928 0
E 140 1577 0
E 140 928 0
E 140 51 0
E 1577 140 0
E 51 140 0
E 51 1577 0
E 51 928 0
E 140 51 0
E 952 490 0
E 952 462 0
E 952 69 0
E 490 952 0
E 490 952 0
E 490 462 0
E 490 69 0
E 69 490 0
E 462 952 0
E 462 490 0
E 462 69 0
E 69 462 0
E 69 462 0
E 69 490 0
E 69 952 0
E 462 69 0
E 53 1645 0
E 53 611 0
E 1645 53 0
E 1645 53 0
E 1645 611 0
E 611 1645 0
E 611 53 0
E 611 1645 0
E 53 611 0
E 564 345 0
E 564 466 0
E 564 55 0
E 55 564 0
E 55 345 0
E 55 466 0
E 55 564 0
E 345 55 0
E 345 466 0
E 345 55 0
E 345 564 0
E 466 345 0
E 466 564 0
E 466 55 0
E 466 345 0
E 564 466 0
E 1358 351 0
E 1358 1157 0
E 1358 314 0
E 1602 1358 0
E 351 314 0
E 351 1586 0
E 351 1358 0
E 1358 351 0
E 1602 76 0
E 1602 314 0
E 1602 351 0
E 351 1602 0
E 1157 1602 0
E 1157 76 0
E 1157 1586 0
E 76 1157 0
E 76 1602 0
E 76 1157 0
E 76 1358 0
E 1358 76 0
E 314 1602 0
E 314 76 0
E 314 1358 0
E 351 314 0
E 1586 314 0
E 1586 1157 0
E 1586 76 0
E 351 1586 0
E 5 1174 0
E 5 1729 0
E 1729 5 0
E 1174 5 0
E 1174 1729 0
E 5 1174 0
E 1729 5 0
E 1729 1174 0
E 1174 1729 0
E 1618 1461 0
E 1618 886 0
E 1618 522 0
E 1461 1618 0
E 1461 522 0
E 1461 886 0
E 1461 1618 0
E 522 1461 0
E 522 1618 0
E 522 1461 0
E 522 886 0
E 1618 522 0
E 886 1618 0
E 886 1461 0
E 886 522 0
E 1461 886 0
E 208 2 0
E 2 208 0
E 2 208 0
E 208 2 0
E 163 1682 0
E 1682 163 0
E 1682 163 0
E 163 1682 0
E 277 89 0
E 277 375 0
E 277 1530 0
E 89 277 0
E 375 89 0
E 375 277 0
E 375 1530 0
E 89 375 0
E 89 375 0
E 89 277 0
E 89 1530 0
E 1530 89 0
E 1530 375 0
E 1530 277 0
E 1530 89 0
E 277 1530 0
E 1673 201 0
E 1673 951 0
E 1673 215 0
E 201 1673 0
E 71 215 0
E 71 951 0
E 71 1673 0
E 215 71 0
E 201 951 0
E 201 1673 0
E 201 71 0
E 71 201 0
E 951 215 0
E 951 201 0
E 951 1673 0
E 71 951 0
E 215 71 0
E 215 201 0
E 215 951 0
E 201 215 0
E 750 1439 0
E 1439 750 0
E 1439 750 0
E 750 1439 0
E 576 392 0
E 392 576 0
E 392 576 0
E 576 392 0
E 1132 883 0
E 883 1132 0
E 883 1132 0
E 1132 883 0
E 975 563 0
E 563 975 0
E 563 975 0
E 975 563 0
E 1258 873 0
E 1258 1177 0
E 1177 1258 0
E 873 1258 0
E 873 1177 0
E 1258 873 0
E 1177 1258 0
E 1177 873 0
E 1258 1177 0
E 1251 129 0
E 129 1251 0
E 129 1251 0
E 1251 129 0
E 1560 1036 0
E 1036 1560 0
E 1036 1560 0
E 1560 1036 0
E 868 1573 0
E 1573 868 0
E 1573 868 0
E 868 1573 0
E 737 1042 0
E 737 1301 0
E 1042 737 0
E 1042 737 0
E 1042 1301 0
E 737 1042 0
E 1301 737 0
E 1301 1042 0
E 737 1301 0
E 492 627 0
E 492 230 0
E 627 492 0
E 627 492 0
E 627 230 0
E 492 627 0
E 230 492 0
E 230 627 0
E 627 230 0
E 516 1154 0
E 516 426 0
E 1154 516 0
E 1154 516 0
E 1154 426 0
E 516 1154 0
E 426 516 0
E 426 1154 0
E 516 426 0
E 1190 433 0
E 1190 337 0
E 1190 219 0
E 433 1190 0
E 433 219 0
E 433 1190 0
E 433 337 0
E 337 433 0
E 219 337 0
E 219 433 0
E 219 1190 0
E 433 219 0
E 337 1190 0
E 337 433 0
E 337 219 0
E 219 337 0
E 926 354 0
E 926 1142 0
E 926 830 0
E 1142 926 0
E 830 354 0
E 830 1142 0
E 830 926 0
E 354 830 0
E 354 926 0
E 354 1142 0
E 354 830 0
E 926 354 0
E 1142 926 0
E 1142 354 0
E 1142 830 0
E 354 1142 0
E 1121 501 0
E 501 1121 0
E 501 1121 0
E 1121 501 0
E 1347 907 0
E 907 1347 0
E 907 1347 0
E 1347 907 0
E 1615 689 0
E 689 1615 0
E 689 1615 0
E 1615 689 0
E 1105 271 0
E 271 1105 0
E 271 1105 0
E 1105 271 0
E 1665 659 0
E 1665 915 0
E 659 1665 0
E 659 1665 0
E 659 915 0
E 915 659 0
E 915 1665 0
E 915 659 0
E 659 915 0
E 820 118 0
E 118 820 0
E 118 820 0
E 820 118 0
E 687 587 0
E 687 844 0
E 844 687 0
E 587 687 0
E 587 844 0
E 687 587 0
E 844 687 0
E 844 587 0
E 587 844 0
E 1284 1554 0
E 1284 899 0
E 1284 559 0
E 938 1284 0
E 646 899 0
E 646 1554 0
E 646 559 0
E 899 646 0
E 559 938 0
E 559 646 0
E 559 1284 0
E 1284 559 0
E 1554 1284 0
E 1554 938 0
E 1554 559 0
E 938 1554 0
E 899 938 0
E 899 1284 0
E 899 1554 0
E 559 899 0
E 938 1284 0
E 938 899 0
E 938 646 0
E 559 938 0
E 1297 1084 0
E 1084 1297 0
E 1084 1297 0
E 1297 1084 0
E 782 1355 0
E 1355 782 0
E 1355 782 0
E 782 1355 0
E 1220 191 0
E 191 1220 0
E 191 1220 0
E 1220 191 0
E 264 157 0
E 264 403 0
E 264 1314 0
E 1314 264 0
E 1314 264 0
E 1314 403 0
E 1314 157 0
E 403 1314 0
E 403 264 0
E 403 1314 0
E 403 157 0
E 1314 403 0
E 157 1314 0
E 157 403 0
E 157 264 0
E 1314 157 0
E 1391 444 0
E 1391 1675 0
E 1391 616 0
E 616 1391 0
E 616 1675 0
E 616 444 0
E 616 1391 0
E 444 616 0
E 1675 1391 0
E 1675 616 0
E 1675 444 0
E 1391 1675 0
E 444 1391 0
E 444 1675 0
E 444 616 0
E 616 444 0
E 1354 1045 0
E 1045 1354 0
E 1045 1354 0
E 1354 1045 0
E 485 815 0
E 485 1126 0
E 485 582 0
E 582 485 0
E 1126 485 0
E 1126 582 0
E 1126 815 0
E 582 1126 0
E 815 1126 0
E 815 582 0
E 815 485 0
E 485 815 0
E 582 1126 0
E 582 485 0
E 582 815 0
E 1126 582 0
E 234 967 0
E 234 858 0
E 234 1488 0
E 496 234 0
E 858 967 0
E 858 234 0
E 858 1488 0
E 967 858 0
E 496 234 0
E 496 967 0
E 496 1488 0
E 1488 496 0
E 967 858 0
E 967 1488 0
E 967 496 0
E 858 967 0
E 1488 234 0
E 1488 858 0
E 1488 967 0
E 496 1488 0
E 1146 521 0
E 521 1146 0
E 521 1146 0
E 1146 521 0
E 1197 681 0
E 681 1197 0
E 681 1197 0
E 1197 681 0
E 1139 187 0
E 187 1139 0
E 187 1139 0
E 1139 187 0
E 1223 483 0
E 483 1223 0
E 483 1223 0
E 1223 483 0
E 1506 1609 0
E 1506 175 0
E 1609 1506 0
E 1609 1506 0
E 1609 175 0
E 175 1609 0
E 175 1506 0
E 175 1609 0
E 1609 175 0
E 1147 1318 0
E 1318 1147 0
E 1318 1147 0
E 1147 1318 0
E 464 184 0
E 184 464 0
E 184 464 0
E 464 184 0
E 1476 1357 0
E 1476 962 0
E 1476 318 0
E 831 1476 0
E 831 1476 0
E 831 962 0
E 831 1357 0
E 1357 831 0
E 318 1476 0
E 318 1357 0
E 318 831 0
E 1357 318 0
E 1357 1476 0
E 1357 318 0
E 1357 962 0
E 831 1357 0
E 962 318 0
E 962 1357 0
E 962 1476 0
E 318 962 0
E 214 317 0
E 317 214 0
E 317 214 0
E 214 317 0
E 41 240 0
E 240 41 0
E 240 41 0
E 41 240 0
E 1489 1239 0
E 1489 116 0
E 1239 1489 0
E 1239 1489 0
E 1239 116 0
E 1489 1239 0
E 116 1489 0
E 116 1239 0
E 1489 116 0
E 273 1579 0
E 1579 273 0
E 1579 273 0
E 273 1579 0
E 486 1626 0
E 486 1538 0
E 486 1421 0
E 1626 486 0
E 1538 1421 0
E 1538 1626 0
E 1538 486 0
E 486 1538 0
E 1421 1538 0
E 1421 486 0
E 1421 1626 0
E 486 1421 0
E 1626 486 0
E 1626 1538 0
E 1626 1421 0
E 1421 1626 0
E 1389 416 0
E 416 1389 0
E 416 1389 0
E 1389 416 0
E 22 1348 0
E 1348 22 0
E 1348 22 0
E 22 1348 0
E 1268 548 0
E 548 1268 0
E 548 1268 0
E 1268 548 0
E 888 1104 0
E 888 302 0
E 888 67 0
E 67 888 0
E 302 67 0
E 302 217 0
E 302 1104 0
E 67 302 0
E 1104 888 0
E 1104 302 0
E 1104 67 0
E 67 1104 0
E 67 1104 0
E 67 888 0
E 67 217 0
E 217 67 0
E 217 1104 0
E 217 67 0
E 217 302 0
E 888 217 0
E 1494 575 0
E 1494 1738 0
E 1738 1494 0
E 575 1494 0
E 575 1738 0
E 1738 575 0
E 1738 1494 0
E 1738 575 0
E 1494 1738 0
E 728 77 0
E 77 728 0
E 77 728 0
E 728 77 0
E 884 905 0
E 884 606 0
E 905 884 0
E 905 884 0
E 905 606 0
E 606 905 0
E 606 884 0
E 606 905 0
E 884 606 0
E 1472 396 0
E 1472 1108 0
E 1108 1472 0
E 396 1472 0
E 396 1108 0
E 1472 396 0
E 1108 1472 0
E 1108 396 0
E 396 1108 0
E 246 1327 0
E 1327 246 0
E 1327 246 0
E 246 1327 0
E 1382 1000 0
E 1382 773 0
E 1382 1712 0
E 1712 1382 0
E 773 1063 0
E 773 1000 0
E 773 1382 0
E 1382 773 0
E 1063 1382 0
E 1063 1000 0
E 1063 1712 0
E 1382 1063 0
E 1000 1063 0
E 1000 773 0
E 1000 1382 0
E 1063 1000 0
E 1712 1000 0
E 1712 773 0
E 1712 1382 0
E 1000 1712 0
E 1053 1195 0
E 1053 409 0
E 1195 1053 0
E 1195 1053 0
E 1195 409 0
E 409 1195 0
E 409 1053 0
E 409 1195 0
E 1195 409 0
E 532 182 0
E 532 651 0
E 532 225 0
E 225 532 0
E 651 532 0
E 651 225 0
E 651 182 0
E 182 651 0
E 225 532 0
E 225 182 0
E 225 651 0
E 532 225 0
E 182 532 0
E 182 225 0
E 182 651 0
E 532 182 0
E 94 1032 0
E 94 1759 0
E 1759 94 0
E 1032 94 0
E 1032 1759 0
E 94 1032 0
E 1759 94 0
E 1759 1032 0
E 1032 1759 0
E 252 320 0
E 252 1031 0
E 1031 252 0
E 320 252 0
E 320 1031 0
E 252 320 0
E 1031 252 0
E 1031 320 0
E 252 1031 0
E 1262 1073 0
E 1262 130 0
E 130 1262 0
E 1073 1262 0
E 1073 130 0
E 130 1073 0
E 130 1262 0
E 130 1073 0
E 1073 130 0
E 553 342 0
E 342 553 0
E 342 553 0
E 553 342 0
E 1068 846 0
E 846 1068 0
E 846 1068 0
E 1068 846 0
E 890 1716 0
E 1716 890 0
E 1716 890 0
E 890 1716 0
E 1740 1399 0
E 1399 1740 0
E 1399 1740 0
E 1740 1399 0
E 1473 676 0
E 1473 1536 0
E 1473 874 0
E 1536 1473 0
E 874 1536 0
E 874 1473 0
E 874 676 0
E 1536 874 0
E 676 1473 0
E 676 874 0
E 676 1536 0
E 874 676 0
E 1536 676 0
E 1536 874 0
E 1536 1473 0
E 874 1536 0
E 1080 1308 0
E 1080 1700 0
E 1308 1080 0
E 1308 1080 0
E 1308 1700 0
E 1700 1308 0
E 1700 1080 0
E 1700 1308 0
E 1308 1700 0
E 1235 193 0
E 1235 75 0
E 1235 1422 0
E 193 1235 0
E 1422 1235 0
E 1422 193 0
E 1422 75 0
E 1235 1422 0
E 193 1235 0
E 193 75 0
E 193 1422 0
E 75 193 0
E 75 1235 0
E 75 193 0
E 75 1422 0
E 1422 75 0
E 1287 655 0
E 655 1287 0
E 655 1287 0
E 1287 655 0
E 1605 66 0
E 1605 1659 0
E 66 1605 0
E 66 1605 0
E 66 1659 0
E 1605 66 0
E 1659 1605 0
E 1659 66 0
E 1605 1659 0
E 932 1459 0
E 932 1039 0
E 932 747 0
E 747 932 0
E 1039 1459 0
E 1039 932 0
E 1039 747 0
E 747 1039 0
E 747 1459 0
E 747 932 0
E 747 1039 0
E 1459 747 0
E 1459 747 0
E 1459 1039 0
E 1459 932 0
E 932 1459 0
E 85 278 0
E 278 85 0
E 278 85 0
E 85 278 0
E 451 434 0
E 451 1731 0
E 1731 451 0
E 434 451 0
E 434 1731 0
E 451 434 0
E 1731 451 0
E 1731 434 0
E 434 1731 0
E 344 1386 0
E 344 1117 0
E 344 438 0
E 438 344 0
E 1117 344 0
E 1117 1386 0
E 1117 438 0
E 344 1117 0
E 1386 344 0
E 1386 438 0
E 1386 1117 0
E 344 1386 0
E 438 1117 0
E 438 344 0
E 438 1386 0
E 1117 438 0
E 1152 525 0
E 1152 1637 0
E 1152 605 0
E 605 1152 0
E 605 1152 0
E 605 1637 0
E 605 525 0
E 525 605 0
E 1637 605 0
E 1637 1152 0
E 1637 525 0
E 525 1637 0
E 525 1637 0
E 525 1152 0
E 525 605 0
E 605 525 0
E 1405 153 0
E 1405 1509 0
E 1405 1231 0
E 153 1405 0
E 723 153 0
E 723 1509 0
E 723 1405 0
E 1405 723 0
E 153 1231 0
E 153 723 0
E 153 1405 0
E 1231 153 0
E 1231 1509 0
E 1231 1405 0
E 1231 153 0
E 1405 1231 0
E 1509 153 0
E 1509 723 0
E 1509 1231 0
E 153 1509 0
E 38 1326 0
E 1326 38 0
E 1326 38 0
E 38 1326 0
E 812 70 0
E 70 812 0
E 70 812 0
E 812 70 0
E 1744 489 0
E 1744 91 0
E 1744 836 0
E 489 1744 0
E 489 836 0
E 489 1744 0
E 489 91 0
E 91 489 0
E 836 91 0
E 836 1744 0
E 836 489 0
E 91 836 0
E 91 836 0
E 91 1744 0
E 91 489 0
E 489 91 0
E 761 1458 0
E 1458 761 0
E 1458 761 0
E 761 1458 0
E 1033 179 0
E 1033 456 0
E 456 1033 0
E 179 1033 0
E 179 456 0
E 456 179 0
E 456 1033 0
E 456 179 0
E 1033 456 0
E 730 245 0
E 245 730 0
E 245 730 0
E 730 245 0
E 945 17 0
E 945 1328 0
E 1328 945 0
E 17 945 0
E 17 1328 0
E 945 17 0
E 1328 945 0
E 1328 17 0
E 945 1328 0
E 1129 1210 0
E 1129 90 0
E 90 1129 0
E 1210 1129 0
E 1210 90 0
E 90 1210 0
E 90 1129 0
E 90 1210 0
E 1129 90 0
E 1072 1130 0
E 1072 1485 0
E 1485 1072 0
E 1130 1072 0
E 1130 1485 0
E 1072 1130 0
E 1485 1072 0
E 1485 1130 0
E 1130 1485 0
E 254 629 0
E 629 254 0
E 629 254 0
E 254 629 0
E 679 63 0
E 63 679 0
E 63 679 0
E 679 63 0
E 1599 1755 0
E 1755 1599 0
E 1755 1599 0
E 1599 1755 0
E 237 933 0
E 933 237 0
E 933 237 0
E 237 933 0
E 1735 165 0
E 1735 793 0
E 165 1735 0
E 165 1735 0
E 165 793 0
E 793 165 0
E 793 1735 0
E 793 165 0
E 165 793 0
E 779 546 0
E 779 1469 0
E 1469 779 0
E 546 779 0
E 546 1469 0
E 1469 546 0
E 1469 779 0
E 1469 546 0
E 546 1469 0
E 286 1164 0
E 286 1657 0
E 1164 286 0
E 1164 286 0
E 1164 1657 0
E 1657 1164 0
E 1657 286 0
E 1657 1164 0
E 1164 1657 0
E 144 300 0
E 144 1137 0
E 144 1120 0
E 1137 144 0
E 300 144 0
E 300 1120 0
E 300 1137 0
E 1137 300 0
E 1120 1137 0
E 1120 300 0
E 1120 144 0
E 1137 1120 0
E 1137 1120 0
E 1137 300 0
E 1137 144 0
E 144 1137 0
E 923 1381 0
E 1381 923 0
E 1381 923 0
E 923 1381 0
E 1576 107 0
E 1576 303 0
E 107 1576 0
E 107 1576 0
E 107 303 0
E 303 107 0
E 303 1576 0
E 303 107 0
E 107 303 0
E 797 34 0
E 34 797 0
E 34 797 0
E 797 34 0
E 1141 1062 0
E 1062 1141 0
E 1062 1141 0
E 1141 1062 0
E 228 1069 0
E 1069 228 0
E 1069 228 0
E 228 1069 0
E 1246 1612 0
E 1246 1396 0
E 1396 1246 0
E 1612 1246 0
E 1612 1396 0
E 1246 1612 0
E 1396 1246 0
E 1396 1612 0
E 1612 1396 0
E 285 701 0
E 285 1443 0
E 285 1623 0
E 701 285 0
E 1623 1443 0
E 1623 285 0
E 1623 701 0
E 701 1623 0
E 1443 285 0
E 1443 701 0
E 1443 1623 0
E 701 1443 0
E 701 285 0
E 701 1443 0
E 701 1623 0
E 285 701 0
E 1051 1076 0
E 1051 502 0
E 1051 625 0
E 625 1051 0
E 1076 1051 0
E 1076 502 0
E 1076 625 0
E 1051 1076 0
E 502 625 0
E 502 1076 0
E 502 1051 0
E 1051 502 0
E 625 502 0
E 625 1051 0
E 625 1076 0
E 1051 625 0
E 636 589 0
E 636 1215 0
E 589 636 0
E 589 636 0
E 589 1215 0
E 636 589 0
E 1215 636 0
E 1215 589 0
E 589 1215 0
E 517 1512 0
E 517 103 0
E 517 840 0
E 103 517 0
E 1512 103 0
E 1512 517 0
E 1512 840 0
E 103 1512 0
E 103 1512 0
E 103 840 0
E 103 517 0
E 840 103 0
E 840 517 0
E 840 103 0
E 840 1512 0
E 103 840 0
E 312 1651 0
E 312 1546 0
E 312 1727 0
E 1546 312 0
E 1727 1340 0
E 1727 312 0
E 1727 1546 0
E 1546 1727 0
E 1340 1546 0
E 1340 1727 0
E 1340 1651 0
E 1546 1340 0
E 1651 1340 0
E 1651 312 0
E 1651 1727 0
E 312 1651 0
E 1546 1727 0
E 1546 1340 0
E 1546 312 0
E 312 1546 0
E 1124 1034 0
E 1034 1124 0
E 1034 1124 0
E 1124 1034 0
E 1257 543 0
E 1257 1290 0
E 1290 1257 0
E 543 1257 0
E 543 1290 0
E 1290 543 0
E 1290 1257 0
E 1290 543 0
E 543 1290 0
E 1592 733 0
E 1592 1761 0
E 1761 1592 0
E 733 1592 0
E 733 1761 0
E 1592 733 0
E 1761 1592 0
E 1761 733 0
E 1592 1761 0
E 1692 514 0
E 1692 126 0
E 514 1692 0
E 514 1692 0
E 514 126 0
E 126 514 0
E 126 1692 0
E 126 514 0
E 514 126 0
E 519 1276 0
E 519 1249 0
E 1249 519 0
E 1276 519 0
E 1276 1249 0
E 1249 1276 0
E 1249 519 0
E 1249 1276 0
E 1276 1249 0
E 1733 872 0
E 1733 1776 0
E 1776 1733 0
E 872 1733 0
E 872 1776 0
E 1776 872 0
E 1776 1733 0
E 1776 872 0
E 1733 1776 0
E 282 0 0
E 282 623 0
E 0 282 0
E 0 282 0
E 0 623 0
E 282 0 0
E 623 282 0
E 623 0 0
E 0 623 0
E 832 1610 0
E 832 1634 0
E 832 499 0
E 1610 832 0
E 1634 499 0
E 1634 1610 0
E 1634 832 0
E 1610 1634 0
E 1610 499 0
E 1610 832 0
E 1610 1634 0
E 499 1610 0
E 499 1634 0
E 499 1610 0
E 499 832 0
E 1610 499 0
E 454 101 0
E 454 1238 0
E 101 454 0
E 101 454 0
E 101 1238 0
E 1238 101 0
E 1238 454 0
E 1238 101 0
E 454 1238 0
E 189 1204 0
E 189 977 0
E 1204 189 0
E 1204 189 0
E 1204 977 0
E 977 1204 0
E 977 189 0
E 977 1204 0
E 189 977 0
E 940 1526 0
E 940 18 0
E 18 940 0
E 1526 940 0
E 1526 18 0
E 18 1526 0
E 18 940 0
E 18 1526 0
E 940 18 0
E 817 711 0
E 711 817 0
E 711 817 0
E 817 711 0
E 813 205 0
E 813 1350 0
E 813 572 0
E 572 813 0
E 572 813 0
E 572 1350 0
E 572 205 0
E 813 572 0
E 402 813 0
E 402 658 0
E 402 205 0
E 658 402 0
E 658 1350 0
E 658 572 0
E 658 205 0
E 572 658 0
E 1350 205 0
E 1350 402 0
E 1350 658 0
E 402 1350 0
E 205 1350 0
E 205 402 0
E 205 658 0
E 1350 205 0
E 1085 1383 0
E 1383 1085 0
E 1383 1085 0
E 1085 1383 0
E 458 104 0
E 104 458 0
E 104 458 0
E 458 104 0
E 696 93 0
E 696 1091 0
E 93 696 0
E 93 696 0
E 93 1091 0
E 696 93 0
E 1091 696 0
E 1091 93 0
E 93 1091 0
E 349 171 0
E 349 138 0
E 349 801 0
E 171 349 0
E 801 138 0
E 801 171 0
E 801 383 0
E 349 801 0
E 383 349 0
E 383 801 0
E 383 138 0
E 138 383 0
E 138 349 0
E 138 801 0
E 138 171 0
E 349 138 0
E 171 801 0
E 171 138 0
E 171 383 0
E 801 171 0
E 1224 1128 0
E 1224 1547 0
E 1224 151 0
E 1128 1224 0
E 1128 1547 0
E 1128 1224 0
E 1128 151 0
E 151 1128 0
E 1547 151 0
E 1547 1128 0
E 1547 1224 0
E 1128 1547 0
E 151 1547 0
E 151 1224 0
E 151 1128 0
E 1224 151 0
E 739 515 0
E 739 84 0
E 84 739 0
E 515 739 0
E 515 84 0
E 739 515 0
E 84 739 0
E 84 515 0
E 739 84 0
E 1217 639 0
E 639 1217 0
E 639 1217 0
E 1217 639 0
E 1009 1751 0
E 1751 1009 0
E 1751 1009 0
E 1009 1751 0
E 1661 1507 0
E 1661 1077 0
E 1077 1661 0
E 1507 1661 0
E 1507 1077 0
E 1077 1507 0
E 1077 1661 0
E 1077 1507 0
E 1661 1077 0
E 1424 867 0
E 867 1424 0
E 867 1424 0
E 1424 867 0
E 613 814 0
E 613 168 0
E 168 613 0
E 814 613 0
E 814 168 0
E 613 814 0
E 168 613 0
E 168 814 0
E 814 168 0
E 1581 1656 0
E 1656 1581 0
E 1656 1581 0
E 1581 1656 0
E 232 1023 0
E 232 549 0
E 1023 232 0
E 1023 232 0
E 1023 549 0
E 232 1023 0
E 549 232 0
E 549 1023 0
E 1023 549 0
E 357 1730 0
E 357 1052 0
E 1052 357 0
E 1730 357 0
E 1730 1052 0
E 357 1730 0
E 1052 357 0
E 1052 1730 0
E 1730 1052 0
E 255 346 0
E 346 255 0
E 346 255 0
E 255 346 0
E 1374 1653 0
E 1653 1374 0
E 1653 1374 0
E 1374 1653 0
E 145 1660 0
E 1660 145 0
E 1660 145 0
E 145 1660 0
E 181 1337 0
E 1337 181 0
E 1337 181 0
E 181 1337 0
E 334 1109 0
E 334 1082 0
E 334 863 0
E 1082 334 0
E 1082 334 0
E 1082 863 0
E 1082 1109 0
E 334 1082 0
E 1109 1082 0
E 1109 863 0
E 1109 334 0
E 1082 1109 0
E 863 334 0
E 863 1082 0
E 863 1109 0
E 1109 863 0
E 136 1316 0
E 136 552 0
E 552 136 0
E 1316 136 0
E 1316 552 0
E 552 1316 0
E 552 136 0
E 552 1316 0
E 1316 552 0
E 1549 1342 0
E 1342 1549 0
E 1342 1549 0
E 1549 1342 0
E 1742 347 0
E 347 1742 0
E 347 1742 0
E 1742 347 0
E 324 8 0
E 324 1300 0
E 8 324 0
E 8 324 0
E 8 1300 0
E 324 8 0
E 1300 324 0
E 1300 8 0
E 324 1300 0
E 1400 944 0
E 1400 1695 0
E 1400 880 0
E 944 1400 0
E 1695 944 0
E 1695 98 0
E 1695 880 0
E 944 1695 0
E 98 880 0
E 98 1400 0
E 98 1695 0
E 880 98 0
E 944 1400 0
E 944 880 0
E 944 1695 0
E 1695 944 0
E 880 944 0
E 880 1400 0
E 880 1695 0
E 1695 880 0
E 494 16 0
E 16 494 0
E 16 494 0
E 494 16 0
E 1676 998 0
E 1676 1635 0
E 1676 1750 0
E 1750 1676 0
E 1750 998 0
E 1750 1635 0
E 1750 1676 0
E 1635 1750 0
E 1635 1676 0
E 1635 998 0
E 1635 1750 0
E 1750 1635 0
E 998 1750 0
E 998 1635 0
E 998 1676 0
E 1635 998 0
E 432 1388 0
E 432 192 0
E 1388 432 0
E 1388 432 0
E 1388 192 0
E 192 1388 0
E 192 432 0
E 192 1388 0
E 1388 192 0
E 117 1094 0
E 117 804 0
E 117 691 0
E 804 117 0
E 1737 691 0
E 1737 804 0
E 1737 117 0
E 117 1737 0
E 804 691 0
E 804 1094 0
E 804 117 0
E 691 804 0
E 1094 1737 0
E 1094 691 0
E 1094 117 0
E 117 1094 0
E 691 804 0
E 691 117 0
E 691 1737 0
E 804 691 0
E 1263 925 0
E 925 1263 0
E 925 1263 0
E 1263 925 0
E 551 1011 0
E 551 1014 0
E 551 597 0
E 1011 551 0
E 597 1011 0
E 597 1014 0
E 597 551 0
E 1014 597 0
E 1011 597 0
E 1011 551 0
E 1011 1014 0
E 1014 1011 0
E 1014 1011 0
E 1014 551 0
E 1014 597 0
E 551 1014 0
E 111 1202 0
E 1202 111 0
E 1202 111 0
E 111 1202 0
E 507 540 0
E 507 980 0
E 980 507 0
E 540 507 0
E 540 980 0
E 980 540 0
E 980 507 0
E 980 540 0
E 540 980 0
E 1503 664 0
E 664 1503 0
E 664 1503 0
E 1503 664 0
E 508 1214 0
E 508 909 0
E 508 698 0
E 1214 508 0
E 1214 698 0
E 1214 508 0
E 1214 909 0
E 909 1214 0
E 909 1214 0
E 909 508 0
E 909 698 0
E 508 909 0
E 698 909 0
E 698 1214 0
E 698 508 0
E 508 698 0
E 1123 170 0
E 1123 1713 0
E 170 1123 0
E 170 1123 0
E 170 1713 0
E 1713 170 0
E 1713 1123 0
E 1713 170 0
E 1123 1713 0
E 896 1362 0
E 896 1432 0
E 1432 896 0
E 1362 896 0
E 1362 1432 0
E 896 1362 0
E 1432 896 0
E 1432 1362 0
E 1362 1432 0
E 1714 1022 0
E 1714 1718 0
E 1718 1714 0
E 1022 1714 0
E 1022 1718 0
E 1714 1022 0
E 1718 1714 0
E 1718 1022 0
E 1714 1718 0
E 1600 95 0
E 1600 795 0
E 1600 1514 0
E 795 1600 0
E 795 1514 0
E 795 1600 0
E 795 1242 0
E 1600 795 0
E 1514 95 0
E 1514 795 0
E 1514 1600 0
E 95 1514 0
E 1242 1600 0
E 1242 795 0
E 1242 1514 0
E 1600 1242 0
E 95 1600 0
E 95 795 0
E 95 1242 0
E 1600 95 0
E 460 1320 0
E 460 675 0
E 675 460 0
E 1320 460 0
E 1320 675 0
E 460 1320 0
E 675 460 0
E 675 1320 0
E 460 675 0
E 949 440 0
E 949 851 0
E 440 949 0
E 440 949 0
E 440 851 0
E 851 440 0
E 851 949 0
E 851 440 0
E 440 851 0
E 1145 372 0
E 372 1145 0
E 372 1145 0
E 1145 372 0
E 331 333 0
E 333 331 0
E 333 331 0
E 331 333 0
E 415 1484 0
E 1484 415 0
E 1484 415 0
E 415 1484 0
E 585 931 0
E 585 158 0
E 931 585 0
E 931 585 0
E 931 158 0
E 158 931 0
E 158 585 0
E 158 931 0
E 585 158 0
E 1079 448 0
E 1079 653 0
E 1079 97 0
E 653 1079 0
E 653 1079 0
E 653 448 0
E 653 97 0
E 1079 653 0
E 448 653 0
E 448 97 0
E 448 1079 0
E 1079 448 0
E 97 448 0
E 97 1079 0
E 97 653 0
E 653 97 0
E 1127 1578 0
E 1127 1652 0
E 1127 1376 0
E 1360 1127 0
E 1652 1578 0
E 1652 1360 0
E 1652 1127 0
E 1127 1652 0
E 1376 1360 0
E 1376 1652 0
E 1376 1578 0
E 1360 1376 0
E 1360 1652 0
E 1360 1127 0
E 1360 1578 0
E 1578 1360 0
E 1578 1127 0
E 1578 1360 0
E 1578 1652 0
E 1127 1578 0
E 495 59 0
E 59 495 0
E 59 495 0
E 495 59 0
E 957 353 0
E 957 368 0
E 957 609 0
E 1159 957 0
E 1159 609 0
E 1159 368 0
E 1159 353 0
E 957 1159 0
E 609 353 0
E 609 957 0
E 609 368 0
E 1159 609 0
E 368 609 0
E 368 353 0
E 368 1159 0
E 353 368 0
E 353 957 0
E 353 609 0
E 353 1159 0
E 1159 353 0
E 672 470 0
E 672 224 0
E 224 672 0
E 470 672 0
E 470 224 0
E 672 470 0
E 224 672 0
E 224 470 0
E 470 224 0
E 202 566 0
E 566 202 0
E 566 202 0
E 202 566 0
E 714 1377 0
E 1377 714 0
E 1377 714 0
E 714 1377 0
E 1226 1479 0
E 1226 1030 0
E 1226 1523 0
E 1030 1226 0
E 1523 1707 0
E 1523 1030 0
E 1523 1479 0
E 1226 1523 0
E 1030 1226 0
E 1030 1707 0
E 1030 1523 0
E 1523 1030 0
E 1707 1523 0
E 1707 1030 0
E 1707 1226 0
E 1226 1707 0
E 1479 1226 0
E 1479 1030 0
E 1479 1523 0
E 1707 1479 0
E 190 1227 0
E 190 1470 0
E 190 1133 0
E 1227 190 0
E 1470 190 0
E 1470 1133 0
E 1470 1227 0
E 190 1470 0
E 1133 190 0
E 1133 1470 0
E 1133 1227 0
E 190 1133 0
E 1227 190 0
E 1227 1470 0
E 1227 1133 0
E 1470 1227 0
E 1372 1292 0
E 1292 1372 0
E 1292 1372 0
E 1372 1292 0
E 122 393 0
E 122 1027 0
E 393 122 0
E 393 122 0
E 393 1027 0
E 122 393 0
E 1027 122 0
E 1027 393 0
E 393 1027 0
E 449 994 0
E 449 374 0
E 449 161 0
E 161 449 0
E 994 374 0
E 994 161 0
E 994 449 0
E 161 994 0
E 374 161 0
E 374 994 0
E 374 449 0
E 994 374 0
E 161 449 0
E 161 994 0
E 161 374 0
E 994 161 0
E 992 1279 0
E 992 1516 0
E 992 893 0
E 1279 992 0
E 1279 992 0
E 1279 893 0
E 1279 1516 0
E 893 1279 0
E 893 1279 0
E 893 1516 0
E 893 992 0
E 992 893 0
E 1516 1279 0
E 1516 893 0
E 1516 992 0
E 893 1516 0
E 1669 102 0
E 1669 1701 0
E 102 1669 0
E 102 1669 0
E 102 1701 0
E 1669 102 0
E 1701 1669 0
E 1701 102 0
E 1669 1701 0
E 212 974 0
E 974 212 0
E 974 212 0
E 212 974 0
E 1598 1393 0
E 1598 989 0
E 989 1598 0
E 1393 1598 0
E 1393 989 0
E 989 1393 0
E 989 1598 0
E 989 1393 0
E 1598 989 0
E 703 964 0
E 703 1775 0
E 1775 703 0
E 964 703 0
E 964 1775 0
E 1775 964 0
E 1775 703 0
E 1775 964 0
E 964 1775 0
E 1303 806 0
E 1303 1256 0
E 1256 1303 0
E 806 1303 0
E 806 1256 0
E 1256 806 0
E 1256 1303 0
E 1256 806 0
E 806 1256 0
E 838 619 0
E 838 1425 0
E 1425 838 0
E 619 838 0
E 619 1425 0
E 1425 619 0
E 1425 838 0
E 1425 619 0
E 838 1425 0
E 114 106 0
E 114 1728 0
E 106 114 0
E 106 114 0
E 106 1728 0
E 1728 106 0
E 1728 114 0
E 1728 106 0
E 114 1728 0
E 1285 1064 0
E 1285 1378 0
E 1378 1285 0
E 1064 1285 0
E 1064 1378 0
E 1285 1064 0
E 1378 1285 0
E 1378 1064 0
E 1064 1378 0
E 1020 183 0
E 1020 650 0
E 1020 162 0
E 183 1020 0
E 183 162 0
E 183 1020 0
E 183 650 0
E 650 183 0
E 650 162 0
E 650 1020 0
E 650 183 0
E 162 650 0
E 162 183 0
E 162 1020 0
E 162 650 0
E 183 162 0
E 1524 1299 0
E 1524 422 0
E 1524 1702 0
E 1702 1524 0
E 1702 1299 0
E 1702 422 0
E 1702 1524 0
E 1299 1702 0
E 422 1524 0
E 422 1702 0
E 422 1299 0
E 1702 422 0
E 1299 422 0
E 1299 1524 0
E 1299 1702 0
E 1524 1299 0
E 811 1118 0
E 1118 811 0
E 1118 811 0
E 811 1118 0
E 700 1679 0
E 700 1779 0
E 700 580 0
E 580 700 0
E 580 1779 0
E 580 1093 0
E 580 700 0
E 1679 580 0
E 1093 1779 0
E 1093 580 0
E 1093 1679 0
E 1779 1093 0
E 1779 700 0
E 1779 580 0
E 1779 1679 0
E 1093 1779 0
E 1679 700 0
E 1679 1093 0
E 1679 1779 0
E 1093 1679 0
E 1419 887 0
E 1419 310 0
E 887 1419 0
E 887 1419 0
E 887 310 0
E 1419 887 0
E 310 1419 0
E 310 887 0
E 1419 310 0
E 316 459 0
E 459 316 0
E 459 316 0
E 316 459 0
E 223 455 0
E 455 223 0
E 455 223 0
E 223 455 0
E 850 1527 0
E 850 787 0
E 1527 850 0
E 1527 850 0
E 1527 787 0
E 787 1527 0
E 787 850 0
E 787 1527 0
E 850 787 0
E 1113 746 0
E 1113 837 0
E 837 1113 0
E 746 1113 0
E 746 837 0
E 837 746 0
E 837 1113 0
E 837 746 0
E 1113 837 0
E 725 948 0
E 948 725 0
E 948 725 0
E 725 948 0
E 1631 1515 0
E 1631 88 0
E 1515 1631 0
E 1515 1631 0
E 1515 88 0
E 1631 1515 0
E 88 1631 0
E 88 1515 0
E 1631 88 0
E 845 1044 0
E 845 1454 0
E 845 197 0
E 1454 845 0
E 1044 845 0
E 1044 1454 0
E 1044 197 0
E 845 1044 0
E 1454 1044 0
E 1454 845 0
E 1454 197 0
E 197 1454 0
E 197 1044 0
E 197 845 0
E 197 1454 0
E 1044 197 0
E 602 139 0
E 602 1201 0
E 1201 602 0
E 139 602 0
E 139 1201 0
E 1201 139 0
E 1201 602 0
E 1201 139 0
E 139 1201 0
E 309 435 0
E 1172 768 0
E 760 1477 0
E 527 655 0
E 1183 1782 0
E 1183 227 0
E 1219 1218 0
E 792 778 0
E 934 1772 0
E 934 321 0
E 506 619 0
E 506 1256 0
E 1321 1687 0
E 1321 1359 0
E 1625 1111 0
E 358 1098 0
E 206 1267 0
E 206 882 0
E 241 1271 0
E 968 1059 0
E 468 219 0
E 355 620 0
E 930 1774 0
E 912 1068 0
E 705 1396 0
E 1186 633 0
E 272 1235 0
E 272 279 0
E 1277 716 0
E 1 1514 0
E 436 1393 0
E 997 459 0
E 180 1724 0
E 180 1176 0
E 83 777 0
E 1286 515 0
E 1338 998 0
E 1384 1303 0
E 607 1709 0
E 607 1687 0
E 1001 1054 0
E 1732 178 0
E 289 1375 0
E 289 1363 0
E 734 807 0
E 734 166 0
E 410 1020 0
E 1551 1638 0
E 894 380 0
E 894 136 0
E 1019 1347 0
E 1019 450 0
E 791 1010 0
E 791 1651 0
E 68 649 0
E 127 1596 0
E 853 305 0
E 853 218 0
E 642 802 0
E 642 1192 0
E 1380 1440 0
E 1638 1579 0
E 972 497 0
E 571 160 0
E 981 1316 0
E 981 621 0
E 1002 239 0
E 1689 540 0
E 1056 1739 0
E 1056 229 0
E 3 706 0
E 92 172 0
E 1620 48 0
E 1620 1585 0
E 1288 531 0
E 1288 783 0
E 135 928 0
E 917 1046 0
E 618 1476 0
E 1404 1709 0
E 1667 572 0
E 1771 290 0
E 1336 905 0
E 1336 1361 0
E 1043 40 0
E 1752 534 0
E 475 1706 0
E 641 1010 0
E 771 251 0
E 771 81 0
E 707 1708 0
E 1158 226 0
E 1559 121 0
E 1559 1556 0
E 1038 1218 0
E 119 1073 0
E 1232 545 0
E 1232 15 0
E 1575 1368 0
E 1504 1141 0
E 834 764 0
E 834 596 0
E 419 643 0
E 419 28 0
E 1604 1153 0
E 1604 1163 0
E 44 310 0
E 44 757 0
E 954 1240 0
E 1125 1605 0
E 1778 270 0
E 1778 802 0
E 1501 1747 0
E 1613 1379 0
E 560 1509 0
E 291 243 0
E 1309 1474 0
E 1309 1252 0
E 399 253 0
E 1319 980 0
E 313 1603 0
E 211 1262 0
E 1416 640 0
E 1254 152 0
E 1306 1711 0
E 1306 494 0
E 261 684 0
E 287 301 0
E 14 1457 0
E 1699 1749 0
E 113 611 0
E 1160 779 0
E 567 666 0
E 1331 1193 0
E 431 946 0
E 431 1161 0
E 398 1663 0
E 1453 522 0
E 389 667 0
E 389 95 0
E 185 1102 0
E 1784 929 0
E 367 268 0
E 1270 253 0
E 445 1703 0
E 445 1004 0
E 753 1091 0
E 973 906 0
E 1208 1209 0
E 1208 765 0
E 1674 1488 0
E 1674 1102 0
E 1394 654 0
E 869 1487 0
E 1486 650 0
E 1486 1086 0
E 1346 9 0
E 1346 1417 0
E 1088 1552 0
E 1088 547 0
E 1632 817 0
E 1632 1421 0
E 1717 1633 0
E 1244 453 0
E 800 1577 0
E 1460 1222 0
E 74 1483 0
E 942 1542 0
E 953 1024 0
E 953 115 0
E 381 1452 0
E 381 453 0
E 1451 251 0
E 40 1078 0
E 781 350 0
E 781 346 0
E 1003 120 0
E 1003 214 0
E 263 1759 0
E 294 501 0
E 1474 1518 0
E 1474 99 0
E 311 360 0
E 661 1351 0
E 692 1624 0
E 996 250 0
E 1455 1610 0
E 1161 856 0
E 397 48 0
E 325 273 0
E 1736 1592 0
E 1736 1741 0
E 380 464 0
E 380 147 0
E 478 538 0
E 478 1087 0
E 143 33 0
E 143 539 0
E 1332 174 0
E 1332 570 0
E 1207 1034 0
E 1207 1247 0
E 73 1515 0
E 73 1348 0
E 1582 466 0
E 326 1572 0
E 626 1424 0
E 626 1096 0
E 1182 477 0
E 808 438 0
E 584 430 0
E 584 484 0
E 741 1076 0
E 1646 852 0
E 147 257 0
E 147 783 0
E 141 695 0
E 141 1388 0
E 1006 1588 0
E 154 1142 0
E 1655 629 0
E 1655 1065 0
E 1111 362 0
E 1111 402 0
E 204 1637 0
E 204 1627 0
E 1670 1768 0
E 1670 148 0
E 963 1206 0
E 963 120 0
E 1275 1648 0
E 443 679 0
E 736 1245 0
E 663 464 0
E 857 36 0
E 857 1492 0
E 1435 48 0
E 1446 452 0
E 1722 1148 0
E 1722 1378 0
E 755 765 0
E 21 8 0
E 1397 596 0
E 1668 217 0
E 275 1084 0
E 1278 612 0
E 1709 1300 0
E 1709 811 0
E 293 1580 0
E 1234 278 0
E 860 1647 0
E 860 1315 0
E 816 1358 0
E 816 1256 0
E 408 913 0
E 408 1322 0
E 961 225 0
E 961 1366 0
E 1173 487 0
E 947 1593 0
E 328 899 0
E 1457 406 0
E 1548 45 0
E 1025 826 0
E 877 1406 0
E 1315 1220 0
E 550 471 0
E 550 1391 0
E 350 1767 0
E 1743 577 0
E 505 88 0
E 65 1045 0
E 710 1197 0
E 710 608 0
E 1452 1399 0
E 1452 116 0
E 1005 588 0
E 1005 226 0
E 1259 372 0
E 24 1690 0
E 1537 1783 0
E 46 1051 0
E 570 382 0
E 686 703 0
E 1644 96 0
E 1116 1635 0
E 1283 1312 0
E 1385 391 0
E 678 1415 0
E 678 1755 0
E 166 1386 0
E 166 1494 0
E 1101 66 0
E 1101 434 0
E 1185 111 0
E 1185 1427 0
E 1619 1246 0
E 1619 565 0
E 598 905 0
E 405 1174 0
E 1614 1560 0
E 186 179 0
E 1773 16 0
E 1398 1312 0
E 1648 1127 0
E 1168 1569 0
E 338 1190 0
E 1149 28 0
E 1767 188 0
E 394 29 0
E 870 235 0
E 420 936 0
E 1683 553 0
E 1683 1569 0
E 388 719 0
E 388 262 0
E 1187 1348 0
E 1187 536 0
E 1260 1085 0
E 1680 546 0
E 919 1169 0
E 1059 351 0
E 732 366 0
E 1543 621 0
E 1568 1608 0
E 1170 1505 0
E 1423 806 0
E 251 30 0
E 1492 1591 0
E 173 918 0
E 1294 1004 0
E 1650 447 0
E 688 1487 0
E 688 807 0
E 1134 1062 0
E 1587 862 0
E 1367 628 0
E 1535 444 0
E 425 852 0
E 297 820 0
E 472 743 0
E 472 1210 0
E 638 633 0
E 1021 882 0
E 45 501 0
E 45 703 0
E 1200 306 0
E 1200 811 0
E 315 1289 0
E 343 223 0
E 1102 1733 0
E 1102 629 0
E 531 1685 0
E 56 208 0
E 210 830 0
E 210 471 0
E 1040 1659 0
E 1040 910 0
E 43 29 0
E 43 651 0
E 1760 150 0
E 340 536 0
E 881 1297 0
E 557 1589 0
E 946 406 0
E 946 949 0
E 231 990 0
E 231 1410 0
E 807 587 0
E 656 1203 0
E 453 90 0
E 453 1073 0
E 969 1730 0
E 1431 1334 0
E 306 72 0
E 306 1463 0
E 1783 646 0
E 1783 1213 0
E 387 576 0
E 647 16 0
E 1532 526 0
E 1532 562 0
E 790 33 0
E 643 650 0
E 27 481 0
E 594 789 0
E 1542 1017 0
E 1630 1048 0
E 1163 437 0
E 1441 549 0
E 1780 1529 0
E 1780 1476 0
E 54 235 0
E 54 1468 0
E 335 1738 0
E 335 1516 0
E 1434 986 0
E 1434 1292 0
E 1298 832 0
E 1029 1292 0
E 958 1740 0
E 958 334 0
E 429 574 0
E 429 1090 0
E 1686 569 0
E 1711 669 0
E 1708 1649 0
E 128 549 0
E 137 155 0
E 1764 264 0
E 1720 267 0
E 369 1035 0
E 1468 910 0
E 1468 160 0
E 789 832 0
E 789 245 0
E 1245 1292 0
E 1245 900 0
E 308 784 0
E 406 761 0
E 849 1427 0
E 849 104 0
E 1097 536 0
E 1642 1484 0
E 1471 30 0
E 1471 0 0
E 87 1458 0
E 87 887 0
E 238 1733 0
E 238 1440 0
E 296 1026 0
E 236 1292 0
E 1112 252 0
E 1558 1465 0
E 900 1263 0
E 1603 1196 0
E 677 103 0
E 461 1518 0
E 1426 224 0
E 1426 246 0
E 28 887 0
E 28 41 0
E 715 596 0
E 715 474 0
E 1165 1513 0
E 827 1505 0
E 233 1775 0
E 748 1408 0
E 1580 1363 0
E 1765 1729 0
E 371 35 0
E 371 1045 0
E 222 1137 0
E 1037 480 0
E 37 105 0
E 37 322 0
E 620 322 0
E 620 61 0
E 990 978 0
E 1475 1561 0
E 188 901 0
E 1617 770 0
E 1447 148 0
E 608 1516 0
E 1649 1339 0
E 1649 248 0
E 1687 1285 0
E 1687 165 0
E 1334 1291 0
E 1334 219 0
E 298 1430 0
E 592 621 0
E 1768 623 0
E 295 391 0
E 902 1140 0
E 450 1095 0
E 839 547 0
E 1406 30 0
E 1312 1425 0
E 1312 914 0
E 1198 866 0
E 1198 1503 0
E 479 1140 0
E 479 1425 0
E 1366 1414 0
E 1366 257 0
E 1528 883 0
E 150 1063 0
E 1007 404 0
E 1420 1130 0
E 1243 480 0
E 1725 337 0
E 474 995 0
E 474 13 0
E 484 562 0
E 484 1503 0
E 617 817 0
E 682 1210 0
E 1209 342 0
E 1209 588 0
E 100 765 0
E 100 945 0
E 1571 1430 0
E 593 1118 0
E 270 868 0
E 1633 1258 0
E 640 1191 0
E 640 694 0
E 702 1114 0
E 702 1279 0
E 200 136 0
E 220 1048 0
E 697 1703 0
E 159 794 0
E 268 735 0
E 268 1096 0
E 1087 48 0
E 848 673 0
E 48 767 0
E 48 784 0
E 1071 517 0
E 229 975 0
E 1498 1505 0
E 744 1372 0
E 720 1066 0
E 720 916 0
E 859 339 0
E 859 1363 0
E 260 1482 0
E 260 1061 0
E 13 1204 0
E 535 1409 0
E 784 1266 0
E 784 1121 0
E 288 606 0
E 288 59 0
E 1769 568 0
E 258 568 0
E 544 1023 0
E 712 217 0
E 565 1573 0
E 1024 1119 0
E 1344 1611 0
E 110 1727 0
E 1480 989 0
E 913 513 0
E 1203 1267 0
E 109 1132 0
E 1402 1329 0
E 1402 1352 0
E 721 1113 0
E 1462 828 0
E 1028 414 0
E 39 895 0
E 1541 458 0
E 1541 178 0
E 1310 347 0
E 690 577 0
E 654 96 0
E 199 1224 0
E 596 168 0
E 196 414 0
E 1325 873 0
E 751 246 0
E 709 1677 0
E 976 305 0
E 1026 333 0
E 1026 1417 0
E 1272 1345 0
E 1272 1262 0
E 910 1494 0
E 910 975 0
E 628 1659 0
E 628 883 0
E 411 1022 0
E 1741 77 0
E 266 452 0
E 266 1308 0
E 1015 1216 0
E 1513 1569 0
E 986 1092 0
E 986 1216 0
E 6 1304 0
E 1414 708 0
E 1487 1128 0
E 1487 1092 0
E 1261 858 0
E 1261 778 0
E 265 1193 0
E 265 575 0
E 1628 1553 0
E 694 1759 0
E 1248 1645 0
E 1248 1735 0
E 1518 684 0
E 1518 802 0
E 1570 1329 0
E 798 1593 0
E 481 457 0
E 481 351 0
E 539 629 0
E 668 486 0
E 172 1409 0
E 172 1276 0
E 1553 577 0
E 1252 669 0
E 1627 1365 0
E 1167 923 0
E 1086 1064 0
E 1131 252 0
E 327 1197 0
E 327 307 0
E 267 820 0
E 267 418 0
E 1557 1547 0
E 1557 284 0
E 745 530 0
E 745 1044 0
E 1697 1681 0
E 1710 536 0
E 457 129 0
E 457 905 0
E 1345 612 0
E 901 444 0
E 568 228 0
E 568 856 0
E 1058 536 0
E 1058 142 0
E 1726 1193 0
E 1691 1329 0
E 1343 1266 0
E 1343 773 0
E 305 1596 0
E 305 416 0
E 1410 314 0
E 1410 655 0
E 630 1657 0
E 630 1092 0
E 1196 1355 0
E 1583 793 0
E 105 801 0
E 776 1379 0
E 866 9 0
E 852 1263 0
E 1010 191 0
E 1417 312 0
E 1199 492 0
E 7 120 0
E 1191 1327 0
E 895 1096 0
E 29 30 0
E 29 872 0
E 280 1758 0
E 58 1042 0
E 493 717 0
E 993 896 0
E 1193 1388 0
E 1193 96 0
E 376 1527 0
E 376 797 0
E 290 1162 0
E 713 494 0
E 218 1042 0
E 632 711 0
E 823 1300 0
E 823 761 0
E 1352 462 0
E 1368 1292 0
E 276 1702 0
E 339 1292 0
E 1450 1716 0
E 1450 733 0
E 891 1396 0
E 891 783 0
E 604 1361 0
E 906 1337 0
E 802 285 0
E 802 1758 0
E 1482 1657 0
E 1482 245 0
E 1407 552 0
E 1353 1356 0
E 1162 1166 0
E 1162 434 0
E 530 161 0
E 530 1052 0
E 1361 202 0
E 1361 1265 0
E 855 1327 0
E 1561 219 0
E 985 978 0
E 1734 227 0
E 1624 989 0
E 1624 116 0
E 1335 780 0
E 1335 1317 0
E 579 1276 0
E 412 1547 0
E 1705 246 0
E 1705 553 0
E 684 867 0
E 1004 1257 0
E 9 918 0
E 1409 489 0
E 1724 33 0
E 729 750 0
E 591 161 0
E 950 224 0
E 1552 462 0
E 1081 1280 0
E 421 1750 0
E 421 1428 0
E 1095 1032 0
E 1095 273 0
E 1433 1174 0
E 1688 1052 0
E 213 536 0
E 213 521 0
E 131 157 0
E 242 357 0
E 441 158 0
E 441 1126 0
E 1035 542 0
E 1035 868 0
E 1563 1132 0
E 1563 1224 0
E 239 434 0
E 788 1439 0
E 1212 97 0
E 148 783 0
E 513 455 0
E 513 933 0
E 1493 1138 0
E 1529 139 0
E 978 22 0
E 978 212 0
E 1499 1714 0
E 1499 540 0
E 1608 1507 0
E 578 1634 0
E 1596 918 0
E 336 487 0
E 1465 1665 0
E 1465 1297 0
E 160 1000 0
E 160 577 0
E 1280 106 0
E 1428 1064 0
E 995 612 0
E 995 716 0
E 1556 80 0
E 777 830 0
E 599 1569 0
E 20 931 0
E 81 749 0
E 81 1696 0
E 1075 357 0
E 1075 1560 0
E 1363 1048 0
E 1363 944 0
E 1703 440 0
E 1703 277 0
E 1184 91 0
E 717 1052 0
E 124 1439 0
E 124 1121 0
E 1365 1581 0
E 1206 1758 0
E 1693 714 0
E 1693 1121 0
E 1593 348 0
E 1593 597 0
E 1296 612 0
E 1296 1483 0
E 1066 536 0
E 936 1669 0
E 1250 1229 0
E 164 329 0
E 379 548 0
E 401 464 0
E 542 342 0
E 542 1048 0
E 322 1034 0
E 1774 18 0
E 1229 1238 0
E 1229 499 0
E 1048 1061 0
E 1048 515 0
E 1491 1347 0
E 1078 1591 0
E 984 1738 0
E 1013 1216 0
E 142 516 0
E 142 63 0
E 1155 15 0
E 1155 1121 0
E 1119 440 0
E 1061 1084 0
E 1777 93 0
E 361 1560 0
E 937 1591 0
E 756 202 0
E 133 636 0
E 96 1485 0
E 615 1036 0
E 1590 182 0
E 1690 562 0
E 1690 449 0
E 1508 1108 0
E 1658 316 0
E 749 170 0
E 749 629 0
E 1766 887 0
E 1594 333 0
E 80 1276 0
E 80 1105 0
E 1216 1042 0
E 1216 223 0
E 573 797 0
E 1194 532 0
E 916 486 0
E 916 1263 0
E 307 255 0
E 307 130 0
E 156 1238 0
E 156 1479 0
E 537 1318 0
E 537 1246 0
E 1302 414 0
E 1096 1758 0
E 52 812 0
E 1748 1139 0
E 404 890 0
E 1060 179 0
E 437 1046 0
E 437 675 0
E 487 485 0
E 487 1675 0
E 1065 1483 0
E 86 1716 0
E 1114 257 0
E 898 145 0
E 301 1533 0
E 279 208 0
E 25 1489 0
E 595 17 0
E 115 765 0
E 1166 536 0
E 1436 237 0
E 36 868 0
E 1140 548 0
E 1140 224 0
E 545 114 0
E 897 1631 0
E 828 1354 0
E 828 257 0
E 82 53 0
E 82 1681 0
E 1017 1213 0
E 1772 868 0
E 51 349 0
E 928 69 0
E 952 613 0
E 462 746 0
E 1645 76 0
E 611 1761 0
E 345 563 0
E 345 282 0
E 1358 1342 0
E 351 1357 0
E 5 977 0
E 1729 30 0
E 1618 458 0
E 522 868 0
E 208 508 0
E 2 403 0
E 1682 575 0
E 163 689 0
E 1530 1549 0
E 1530 1297 0
E 71 783 0
E 1673 502 0
E 750 1092 0
E 750 616 0
E 392 31 0
E 576 1419 0
E 883 1712 0
E 883 1266 0
E 975 887 0
E 563 1052 0
E 612 812 0
E 612 158 0
E 1177 517 0
E 1177 1382 0
E 129 1714 0
E 1251 494 0
E 1560 806 0
E 1560 1484 0
E 1573 793 0
E 868 1197 0
E 1042 597 0
E 737 1046 0
E 627 1027 0
E 230 495 0
E 1154 70 0
E 1154 1092 0
E 433 139 0
E 1190 66 0
E 774 85 0
E 774 448 0
E 1533 15 0
E 1533 1197 0
E 354 1652 0
E 1142 1202 0
E 1121 1147 0
E 1121 30 0
E 907 1503 0
E 907 227 0
E 689 779 0
E 1615 747 0
E 1105 887 0
E 1105 1415 0
E 915 202 0
E 915 66 0
E 118 61 0
E 820 1146 0
E 687 1201 0
E 844 1092 0
E 1284 1238 0
E 646 1660 0
E 1297 629 0
E 1084 1269 0
E 536 348 0
E 536 980 0
E 1355 1701 0
E 1355 1742 0
E 1220 783 0
E 1220 812 0
E 403 1735 0
E 157 787 0
E 616 1776 0
E 616 639 0
E 1269 1266 0
E 1269 318 0
E 1379 477 0
E 1379 1340 0
E 1354 1127 0
E 1045 733 0
E 815 456 0
E 1126 1653 0
E 967 918 0
E 967 227 0
E 235 1372 0
E 235 1204 0
E 521 255 0
E 521 1454 0
E 1197 525 0
E 681 31 0
E 187 1130 0
E 187 434 0
E 1223 949 0
E 483 1386 0
E 175 1141 0
E 1506 153 0
E 1046 145 0
E 1046 1626 0
E 1147 285 0
E 1147 1151 0
E 464 552 0
E 464 1034 0
E 1357 566 0
E 318 1591 0
E 214 1374 0
E 214 1605 0
E 41 324 0
E 240 477 0
E 116 987 0
E 1239 237 0
E 1579 1750 0
E 1579 111 0
E 1421 525 0
E 1626 811 0
E 1389 1782 0
E 1389 987 0
E 1348 347 0
E 1348 1256 0
E 1268 1386 0
E 1268 254 0
E 302 477 0
E 302 245 0
E 1494 773 0
E 1494 316 0
E 77 515 0
E 728 192 0
E 606 1750 0
E 884 703 0
E 396 1145 0
E 1472 1782 0
E 246 1308 0
E 246 257 0
E 1000 633 0
E 1382 85 0
E 1195 1266 0
E 409 415 0
E 577 1034 0
E 577 1076 0
E 1266 434 0
E 1266 887 0
E 532 1064 0
E 532 139 0
E 414 671 0
E 414 1751 0
E 94 61 0
E 1032 940 0
E 1031 34 0
E 252 840 0
E 1073 342 0
E 130 165 0
E 342 368 0
E 553 1094 0
E 1068 874 0
E 1068 1503 0
E 1415 649 0
E 1415 495 0
E 890 1637 0
E 890 331 0
E 1399 228 0
E 1740 1718 0
E 676 114 0
E 1536 1735 0
E 671 1782 0
E 671 1123 0
E 120 623 0
E 120 1022 0
E 633 1503 0
E 633 495 0
E 1092 111 0
E 1092 698 0
E 856 170 0
E 856 1742 0
E 1080 97 0
E 1080 347 0
E 193 696 0
E 193 454 0
E 655 1034 0
E 1287 257 0
E 66 1459 0
E 66 192 0
E 1758 793 0
E 1758 15 0
E 747 1388 0
E 747 151 0
E 85 931 0
E 85 90 0
E 451 460 0
E 1731 1129 0
E 1117 1138 0
E 438 914 0
E 525 1569 0
E 1152 103 0
E 1405 1337 0
E 1405 61 0
E 1326 372 0
E 1326 994 0
E 1681 255 0
E 1681 625 0
E 812 357 0
E 812 1737 0
E 1744 1751 0
E 489 1676 0
E 761 1623 0
E 1458 765 0
E 1033 1503 0
E 456 923 0
E 1611 1735 0
E 1611 811 0
E 730 454 0
E 730 797 0
E 945 1755 0
E 1328 346 0
E 1210 1215 0
E 1129 765 0
E 1072 1069 0
E 1072 237 0
E 629 765 0
E 629 1598 0
E 63 183 0
E 63 1062 0
E 1599 914 0
E 1599 1204 0
E 933 117 0
E 237 1263 0
E 165 138 0
E 1735 957 0
E 1782 1285 0
E 1782 454 0
E 987 1581 0
E 987 1718 0
E 391 1141 0
E 391 867 0
E 779 1652 0
E 1469 31 0
E 286 1362 0
E 1657 814 0
E 1120 1320 0
E 300 887 0
E 1381 566 0
E 1381 664 0
E 303 935 0
E 303 470 0
E 797 1285 0
E 797 111 0
E 918 711 0
E 918 1701 0
E 1141 197 0
E 1141 653 0
E 257 1127 0
E 257 1151 0
E 1069 1022 0
E 1069 664 0
E 1246 117 0
E 1246 18 0
E 701 804 0
E 701 1151 0
E 1076 1316 0
E 1076 1077 0
E 636 111 0
E 636 914 0
E 517 432 0
E 103 974 0
E 312 334 0
E 1651 458 0
E 1034 1213 0
E 1034 111 0
E 1257 1123 0
E 543 111 0
E 1592 1227 0
E 1761 1022 0
E 126 1300 0
E 126 1079 0
E 1276 1377 0
E 519 1677 0
E 872 1128 0
E 1733 1213 0
E 0 1470 0
E 282 348 0
E 1138 580 0
E 1138 227 0
E 499 1569 0
E 499 1201 0
E 914 1151 0
E 914 1374 0
E 454 515 0
E 101 714 0
E 977 1635 0
E 1204 1383 0
E 1526 909 0
E 1526 1581 0
E 1677 212 0
E 1677 1484 0
E 711 1701 0
E 711 1227 0
E 205 158 0
E 572 227 0
E 1383 664 0
E 1085 1524 0
E 104 551 0
E 104 1656 0
E 1091 192 0
E 696 1011 0
E 138 477 0
E 349 449 0
E 649 746 0
E 649 88 0
E 1128 192 0
E 1547 455 0
E 515 783 0
E 84 1374 0
E 639 16 0
E 1217 1702 0
E 1009 765 0
E 1751 190 0
E 1077 1020 0
E 1661 415 0
E 61 459 0
E 61 1432 0
E 867 795 0
E 1424 158 0
E 1151 949 0
E 1151 363 0
E 15 508 0
E 15 440 0
E 613 783 0
E 814 477 0
E 1656 566 0
E 1581 1256 0
E 232 347 0
E 232 992 0
E 348 1713 0
E 348 948 0
E 357 255 0
E 1052 1201 0
E 255 1376 0
E 255 1378 0
E 1653 653 0
E 1653 1227 0
E 145 227 0
E 145 806 0
E 181 1214 0
E 181 931 0
E 1082 1226 0
E 334 1320 0
E 552 324 0
E 552 1014 0
E 31 955 0
E 31 347 0
E 1549 896 0
E 1549 1679 0
E 1742 449 0
E 1742 1376 0
E 935 787 0
E 935 896 0
E 1300 1479 0
E 1300 1527 0
E 880 1372 0
E 98 1320 0
E 16 783 0
E 494 1515 0
E 1635 1159 0
E 1750 508 0
E 1388 1591 0
E 1388 619 0
E 804 1133 0
E 691 477 0
E 1263 1591 0
E 925 455 0
E 1011 1591 0
E 551 1027 0
E 1202 372 0
E 111 1201 0
E 980 955 0
E 980 1320 0
E 1503 1378 0
E 1503 372 0
E 508 1523 0
E 508 316 0
E 1123 1022 0
E 170 470 0
E 1362 1064 0
E 1362 1714 0
E 1714 59 0
E 1714 333 0
E 363 1213 0
E 363 197 0
E 1514 59 0
E 795 1376 0
E 1591 562 0
E 1591 1631 0
E 1320 88 0
E 1320 1775 0
E 949 448 0
E 440 1378 0
E 1145 139 0
E 372 1360 0
E 333 1419 0
E 331 703 0
E 415 1227 0
E 1484 585 0
E 585 838 0
E 158 495 0
E 1079 765 0
E 448 964 0
E 1569 459 0
E 1569 602 0
E 1127 787 0
E 1127 989 0
E 59 989 0
E 59 562 0
E 353 477 0
E 368 562 0
E 470 974 0
E 672 566 0
E 566 1527 0
E 202 223 0
E 955 1631 0
E 955 1303 0
E 1377 1201 0
E 714 183 0
E 1030 316 0
E 1479 746 0
E 190 562 0
E 1133 1775 0
E 1292 994 0
E 1372 1113 0
E 562 30 0
E 562 765 0
E 1027 1419 0
E 122 316 0
E 449 725 0
E 374 619 0
E 1279 1631 0
E 893 1631 0
E 102 783 0
E 1701 887 0
E 212 139 0
E 212 838 0
E 1393 837 0
E 1598 1118 0
E 477 227 0
E 477 114 0
E 1775 197 0
E 1775 787 0
E 806 139 0
E 1303 197 0
E 838 1093 0
E 838 1118 0
E 106 1524 0
E 114 725 0
E 1285 1213 0
E 1285 139 0
E 183 30 0
E 183 787 0
E 227 310 0
E 227 783 0
E 1213 845 0
E 1213 746 0
E 422 765 0
E 422 783 0
E 1118 765 0
E 811 765 0
E 783 223 0
E 783 845 0
E 700 725 0
E 700 1113 0
E 765 948 0
E 765 746 0
E 887 88 0
E 310 197 0
E 316 746 0
E 316 88 0
E 30 602 0
E 30 88 0
E 223 1201 0
E 223 837 0
E 1527 88 0
E 850 725 0
E 1113 88 0
E 746 1631 0
E 725 1515 0
E 725 1201 0
E 88 845 0
E 88 1454 0
E 845 139 0
E 197 1201 0
