H 150 860 1
E 106 21 44
E 106 118 21
E 106 50 11
E 126 106 30
E 50 21 13
E 50 16 10
E 50 118 32
E 118 50 26
E 6 16 22
E 6 143 19
E 6 21 13
E 21 6 13
E 143 118 41
E 143 16 46
E 143 6 48
E 118 143 6
E 118 16 19
E 118 50 12
E 118 106 47
E 126 118 26
E 21 118 50
E 21 143 48
E 21 50 10
E 118 21 11
E 126 106 38
E 126 6 19
E 126 143 5
E 50 126 8
E 16 6 31
E 16 50 10
E 16 118 22
E 21 16 25
E 62 49 12
E 62 131 50
E 62 0 5
E 131 62 44
E 0 131 20
E 0 62 23
E 0 49 47
E 49 0 7
E 131 62 24
E 131 0 46
E 131 66 31
E 49 131 32
E 49 62 35
E 49 0 33
E 49 131 18
E 0 49 41
E 66 0 15
E 66 62 29
E 66 49 41
E 62 66 14
E 40 116 28
E 40 83 36
E 40 123 9
E 123 40 7
E 83 40 20
E 83 116 26
E 83 123 25
E 116 83 6
E 116 83 45
E 116 40 27
E 116 123 7
E 40 116 22
E 123 83 40
E 123 40 25
E 123 116 22
E 116 123 32
E 130 115 24
E 130 45 50
E 130 28 2
E 115 130 30
E 115 146 20
E 115 130 7
E 115 28 15
E 28 115 15
E 45 115 39
E 45 130 20
E 45 28 11
E 130 45 29
E 146 115 25
E 146 28 34
E 146 45 45
E 130 146 23
E 28 45 11
E 28 115 35
E 28 130 40
E 45 28 39
E 71 122 36
E 71 72 12
E 71 41 19
E 41 71 46
E 72 71 7
E 72 122 30
E 72 41 41
E 71 72 49
E 41 72 19
E 41 71 20
E 41 122 12
E 72 41 8
E 122 41 5
E 122 71 23
E 122 72 36
E 72 122 11
E 85 120 28
E 85 88 41
E 85 99 49
E 120 85 37
E 88 120 42
E 88 27 31
E 88 85 46
E 85 88 23
E 99 120 42
E 99 27 3
E 99 85 44
E 120 99 13
E 120 85 20
E 120 27 23
E 120 88 4
E 85 120 27
E 27 99 31
E 27 85 23
E 27 120 43
E 88 27 40
E 17 119 6
E 17 73 22
E 17 98 29
E 119 17 4
E 4 73 25
E 4 119 25
E 4 98 16
E 17 4 38
E 98 73 40
E 98 4 20
E 98 119 46
E 119 98 35
E 119 98 44
E 119 4 34
E 119 73 7
E 98 119 45
E 73 119 31
E 73 98 34
E 73 17 9
E 4 73 27
E 43 64 6
E 64 43 27
E 64 43 50
E 43 64 41
E 94 124 42
E 124 94 14
E 124 94 34
E 94 124 11
E 58 107 28
E 58 8 9
E 58 55 10
E 44 58 26
E 108 80 6
E 108 133 49
E 108 127 8
E 107 108 31
E 127 44 19
E 127 108 3
E 127 5 29
E 133 127 41
E 55 133 29
E 55 58 4
E 55 5 3
E 44 55 48
E 133 108 29
E 133 8 36
E 133 58 50
E 5 133 40
E 8 108 25
E 8 44 3
E 8 58 3
E 58 8 43
E 107 103 15
E 107 44 37
E 107 80 25
E 5 107 25
E 103 8 21
E 103 44 10
E 103 107 39
E 5 103 32
E 80 103 38
E 80 107 30
E 80 58 18
E 55 80 50
E 5 108 46
E 5 80 7
E 5 133 33
E 58 5 22
E 44 55 19
E 44 108 13
E 44 103 38
E 103 44 22
E 76 137 9
E 76 129 11
E 76 48 6
E 7 76 12
E 48 128 50
E 48 7 29
E 48 129 27
E 137 48 26
E 29 14 11
E 29 111 47
E 29 48 47
E 76 29 49
E 7 48 43
E 7 14 25
E 7 60 12
E 76 7 17
E 129 137 24
E 129 60 9
E 129 7 4
E 7 129 2
E 60 128 46
E 60 14 37
E 60 7 46
E 7 60 39
E 111 14 30
E 111 129 31
E 111 76 4
E 29 111 20
E 14 60 39
E 14 7 30
E 14 129 18
E 60 14 17
E 137 76 35
E 137 14 21
E 137 129 47
E 60 137 49
E 128 7 12
E 128 137 32
E 128 129 50
E 76 128 16
E 23 26 22
E 23 86 14
E 23 22 42
E 89 23 41
E 89 26 37
E 89 12 36
E 89 22 9
E 34 89 8
E 34 26 25
E 34 89 46
E 34 84 13
E 86 34 48
E 86 12 48
E 86 23 40
E 86 89 8
E 89 86 36
E 84 23 24
E 84 22 34
E 84 89 32
E 22 84 5
E 12 23 40
E 12 86 37
E 12 22 6
E 86 12 16
E 26 22 32
E 26 34 47
E 26 89 3
E 84 26 33
E 22 89 31
E 22 26 14
E 22 34 27
E 34 22 17
E 65 148 41
E 65 39 32
E 65 10 43
E 148 65 31
E 39 51 44
E 39 148 27
E 39 10 33
E 51 39 30
E 51 10 9
E 51 39 21
E 51 148 47
E 10 51 46
E 10 148 44
E 10 39 4
E 10 65 44
E 65 10 38
E 148 10 4
E 148 51 29
E 148 65 47
E 51 148 42
E 68 13 18
E 13 68 18
E 13 68 25
E 68 13 46
E 19 36 23
E 36 19 39
E 36 19 39
E 19 36 28
E 70 2 25
E 70 18 23
E 70 63 28
E 63 70 47
E 18 70 7
E 18 63 29
E 18 25 13
E 63 18 28
E 63 114 10
E 63 25 4
E 63 2 33
E 18 63 2
E 114 2 33
E 114 70 4
E 114 18 25
E 70 114 37
E 2 114 43
E 2 18 13
E 2 25 31
E 114 2 19
E 25 2 34
E 25 63 35
E 25 70 46
E 18 25 8
E 9 3 11
E 3 9 50
E 3 9 36
E 9 3 48
E 81 20 18
E 81 138 15
E 81 42 41
E 138 81 2
E 20 42 19
E 20 74 20
E 20 138 31
E 138 20 26
E 42 20 42
E 42 117 31
E 42 138 50
E 54 42 11
E 117 138 14
E 117 20 6
E 117 61 48
E 20 117 46
E 56 61 11
E 56 74 48
E 56 138 43
E 61 56 15
E 54 81 11
E 54 138 15
E 54 74 43
E 42 54 16
E 138 20 8
E 138 81 30
E 138 117 22
E 81 138 26
E 61 74 41
E 61 117 31
E 61 54 36
E 42 61 9
E 74 138 25
E 74 61 17
E 74 42 39
E 20 74 34
E 82 105 40
E 82 135 43
E 82 110 50
E 105 82 33
E 135 82 7
E 135 105 14
E 135 69 5
E 69 135 39
E 105 69 33
E 105 110 34
E 105 82 35
E 135 105 44
E 69 135 20
E 69 105 14
E 69 82 43
E 82 69 33
E 110 69 28
E 110 135 2
E 110 82 36
E 105 110 30
E 145 78 39
E 145 1 19
E 145 37 35
E 92 145 42
E 31 37 38
E 31 92 7
E 31 1 45
E 78 31 32
E 92 142 39
E 92 104 42
E 92 1 27
E 142 92 22
E 1 92 42
E 1 145 6
E 1 142 14
E 145 1 12
E 37 31 14
E 37 104 41
E 37 142 21
E 31 37 15
E 78 104 24
E 78 1 24
E 78 52 42
E 145 78 20
E 52 37 36
E 52 145 32
E 52 78 39
E 92 52 48
E 142 78 26
E 142 145 38
E 142 1 17
E 78 142 22
E 104 31 27
E 104 142 43
E 104 52 12
E 37 104 44
E 121 144 19
E 121 102 48
E 121 101 39
E 144 121 47
E 144 102 24
E 144 121 6
E 144 101 39
E 101 144 4
E 102 144 15
E 102 101 31
E 102 121 21
E 101 102 19
E 101 121 39
E 101 102 41
E 101 144 37
E 121 101 34
E 134 100 50
E 134 149 20
E 134 24 33
E 24 134 35
E 149 24 26
E 149 59 11
E 149 100 34
E 134 149 33
E 24 149 44
E 24 100 9
E 24 134 40
E 134 24 30
E 59 100 30
E 59 134 28
E 59 24 27
E 24 59 27
E 100 59 7
E 100 24 36
E 100 134 48
E 59 100 21
E 136 109 33
E 136 33 32
E 136 125 35
E 109 136 26
E 33 125 5
E 33 139 39
E 33 136 21
E 136 33 22
E 125 33 38
E 125 109 3
E 125 136 8
E 139 125 9
E 139 109 28
E 139 136 49
E 139 125 14
E 33 139 11
E 109 139 42
E 109 125 21
E 109 136 8
E 139 109 6
E 97 113 48
E 97 140 17
E 97 96 25
E 96 97 3
E 96 140 45
E 96 97 45
E 96 53 49
E 113 96 35
E 140 53 32
E 140 97 13
E 140 96 26
E 96 140 30
E 53 96 2
E 53 97 39
E 53 113 4
E 97 53 50
E 113 53 12
E 113 96 5
E 113 140 39
E 53 113 15
E 11 47 13
E 11 57 47
E 11 67 44
E 47 11 49
E 67 57 19
E 67 11 43
E 67 47 31
E 11 67 4
E 57 67 35
E 57 47 19
E 57 11 45
E 11 57 19
E 47 11 42
E 47 57 50
E 47 67 39
E 11 47 8
E 132 93 8
E 93 132 40
E 93 132 49
E 132 93 8
E 141 90 14
E 141 79 33
E 90 141 41
E 90 141 18
E 90 79 11
E 141 90 50
E 79 141 50
E 79 90 12
E 141 79 3
E 38 32 13
E 38 112 41
E 38 95 20
E 95 38 3
E 112 38 29
E 112 32 50
E 112 95 7
E 32 112 10
E 32 95 26
E 32 38 37
E 32 112 13
E 112 32 17
E 95 38 32
E 95 32 15
E 95 112 29
E 32 95 28
E 87 91 15
E 87 35 17
E 87 15 11
E 35 87 43
E 91 30 36
E 91 35 30
E 91 147 36
E 35 91 41
E 30 91 29
E 30 35 35
E 30 87 19
E 87 30 38
E 15 87 19
E 15 147 21
E 15 91 9
E 30 15 22
E 147 30 15
E 147 15 41
E 147 35 32
E 35 147 24
E 35 30 40
E 35 87 44
E 35 15 42
E 15 35 47
E 46 77 32
E 46 75 25
E 77 46 24
E 77 46 38
E 77 75 34
E 75 77 24
E 75 46 11
E 75 77 15
E 46 75 26
E 16 125 9
E 143 47 48
E 118 136 23
E 126 119 2
E 50 79 22
E 106 25 46
E 50 139 24
E 106 101 41
E 118 88 38
E 143 94 40
E 49 95 6
E 62 93 3
E 131 101 45
E 131 63 9
E 49 4 8
E 0 77 33
E 62 132 44
E 131 53 34
E 62 119 43
E 0 132 4
E 83 145 5
E 40 35 29
E 116 145 22
E 116 4 2
E 40 38 45
E 116 139 6
E 83 37 13
E 83 55 45
E 123 124 30
E 123 25 2
E 146 112 26
E 45 38 27
E 130 112 8
E 28 76 38
E 146 44 39
E 115 53 22
E 115 14 18
E 115 95 45
E 28 38 45
E 115 89 43
E 72 114 17
E 122 1 5
E 72 113 16
E 72 93 6
E 71 46 44
E 41 52 22
E 71 43 18
E 71 74 10
E 71 36 45
E 41 111 41
E 99 11 30
E 99 51 46
E 99 43 16
E 88 93 15
E 88 14 18
E 120 64 15
E 120 43 24
E 99 94 28
E 85 144 25
E 120 94 5
E 17 68 46
E 98 94 23
E 98 135 19
E 98 36 29
E 17 90 20
E 98 9 34
E 17 136 40
E 98 63 8
E 17 139 34
E 17 114 32
E 43 68 2
E 43 29 40
E 64 42 32
E 43 94 29
E 64 147 27
E 64 9 12
E 64 102 11
E 64 132 48
E 64 53 31
E 64 125 50
E 94 36 36
E 94 140 41
E 94 3 5
E 94 74 49
E 124 35 44
E 124 107 8
E 94 38 44
E 124 141 8
E 94 25 4
E 124 3 7
E 55 144 26
E 108 96 5
E 8 36 20
E 103 24 2
E 58 32 24
E 5 23 40
E 55 92 47
E 133 42 24
E 55 26 25
E 133 46 36
E 29 68 29
E 111 121 5
E 60 147 44
E 14 18 32
E 76 102 45
E 29 93 23
E 76 3 43
E 128 121 3
E 128 53 37
E 76 46 5
E 34 19 14
E 12 38 15
E 86 93 48
E 22 113 45
E 84 61 33
E 34 125 6
E 23 135 30
E 89 19 24
E 84 75 25
E 12 134 44
E 39 70 26
E 51 56 14
E 39 139 13
E 148 105 11
E 148 136 11
E 39 57 48
E 65 56 7
E 39 135 4
E 65 97 38
E 51 74 49
E 13 18 26
E 68 3 27
E 13 147 9
E 68 105 2
E 68 69 32
E 68 95 34
E 13 59 24
E 68 63 36
E 68 90 31
E 68 112 40
E 36 46 39
E 36 105 28
E 36 81 30
E 19 3 22
E 36 112 12
E 19 9 8
E 19 140 37
E 36 54 29
E 36 15 35
E 19 46 23
E 63 11 7
E 70 90 20
E 63 93 24
E 18 141 9
E 18 46 16
E 25 3 35
E 114 3 28
E 114 33 13
E 18 139 45
E 70 93 17
E 3 95 26
E 3 93 32
E 3 24 35
E 9 132 30
E 3 132 16
E 3 46 9
E 9 90 43
E 3 38 4
E 9 37 47
E 9 112 37
E 56 144 8
E 81 37 43
E 20 113 24
E 56 121 47
E 117 104 40
E 138 144 50
E 81 100 42
E 61 38 34
E 56 53 8
E 20 141 3
E 135 75 21
E 82 112 7
E 82 93 18
E 69 132 11
E 110 96 23
E 105 125 17
E 110 121 23
E 82 132 35
E 69 37 25
E 105 134 19
E 78 97 14
E 1 132 9
E 37 102 43
E 142 77 39
E 145 30 40
E 52 24 12
E 142 113 36
E 142 91 31
E 142 93 22
E 52 32 41
E 101 11 25
E 101 90 42
E 101 79 38
E 102 139 35
E 102 112 35
E 121 149 10
E 144 30 27
E 144 38 28
E 101 33 7
E 121 79 37
E 149 95 24
E 134 136 15
E 100 93 10
E 134 139 26
E 149 132 5
E 59 57 36
E 134 109 35
E 59 67 23
E 100 125 28
E 149 47 50
E 136 75 8
E 109 147 32
E 139 53 32
E 139 93 37
E 136 57 42
E 125 90 36
E 33 141 17
E 33 140 35
E 139 95 30
E 33 77 9
E 140 11 17
E 96 93 16
E 113 147 25
E 53 87 3
E 53 32 42
E 113 47 22
E 53 90 42
E 97 77 17
E 140 90 43
E 96 77 23
E 67 93 27
E 11 95 44
E 67 32 40
E 11 79 27
E 57 93 50
E 67 90 37
E 57 46 24
E 47 141 22
E 11 112 9
E 11 30 10
E 93 90 25
E 93 77 28
E 93 75 23
E 132 15 49
E 93 79 26
E 132 46 2
E 132 32 32
E 93 38 43
E 132 141 43
E 93 112 9
E 141 32 2
E 141 95 7
E 141 75 7
E 79 112 9
E 90 95 45
E 79 77 24
E 141 147 28
E 141 30 48
E 141 46 14
E 141 112 9
E 112 77 46
E 112 87 22
E 38 75 5
E 38 15 9
E 95 75 25
E 32 77 10
E 112 147 30
E 32 87 43
E 112 75 25
E 112 46 25
E 147 75 44
E 147 77 36
E 15 77 42
E 15 75 2
E 35 75 19
E 87 75 33
E 15 46 10
E 91 77 8
E 30 46 15
E 87 77 41
