H 157 3021 1
E 130 27 10
E 27 130 10
E 27 130 8
E 130 27 5
E 33 95 10
E 95 33 5
E 95 33 8
E 33 95 8
E 22 105 5
E 105 22 10
E 105 22 9
E 22 105 8
E 49 129 7
E 49 126 6
E 129 49 5
E 129 49 5
E 129 126 7
E 49 129 5
E 126 49 10
E 126 129 7
E 129 126 7
E 23 63 7
E 23 79 7
E 23 111 8
E 63 23 10
E 111 23 5
E 111 79 6
E 111 63 5
E 63 111 6
E 63 79 5
E 63 111 9
E 63 23 8
E 79 63 5
E 79 23 7
E 79 63 9
E 79 111 9
E 111 79 8
E 131 142 10
E 142 131 8
E 142 131 9
E 131 142 10
E 125 93 6
E 125 64 5
E 93 125 7
E 93 125 7
E 93 64 6
E 125 93 6
E 64 125 7
E 64 93 7
E 93 64 9
E 81 151 5
E 151 81 7
E 151 81 10
E 81 151 5
E 50 52 8
E 50 19 8
E 19 50 8
E 52 50 9
E 52 19 5
E 19 52 9
E 19 50 9
E 19 52 5
E 50 19 10
E 46 71 9
E 46 70 9
E 71 46 5
E 71 46 5
E 71 70 8
E 70 71 7
E 70 46 7
E 70 71 5
E 46 70 6
E 0 128 5
E 0 73 9
E 0 72 10
E 73 0 9
E 73 72 10
E 73 0 10
E 73 128 7
E 128 73 7
E 128 73 7
E 128 72 9
E 128 0 8
E 0 128 10
E 72 0 7
E 72 73 5
E 72 128 9
E 0 72 10
E 115 41 6
E 41 115 8
E 41 115 7
E 115 41 9
E 32 153 5
E 153 32 6
E 153 32 7
E 32 153 8
E 146 134 6
E 134 146 5
E 134 146 5
E 146 134 8
E 82 40 6
E 40 82 9
E 40 82 6
E 82 40 10
E 61 15 10
E 61 127 5
E 127 61 8
E 15 61 7
E 15 127 8
E 127 15 9
E 127 61 7
E 127 15 5
E 15 127 7
E 101 26 8
E 101 139 8
E 139 101 7
E 26 101 7
E 26 139 9
E 101 26 7
E 139 101 6
E 139 26 10
E 101 139 10
E 108 83 7
E 83 108 5
E 83 108 5
E 108 83 5
E 3 24 10
E 24 3 10
E 24 3 7
E 3 24 10
E 12 88 10
E 12 91 10
E 12 9 6
E 91 12 7
E 88 91 10
E 88 12 7
E 88 9 9
E 9 88 10
E 91 9 10
E 91 88 6
E 91 12 7
E 88 91 8
E 9 88 8
E 9 12 6
E 9 91 5
E 88 9 7
E 45 20 10
E 20 45 8
E 20 45 6
E 45 20 9
E 107 6 5
E 6 107 8
E 6 107 7
E 107 6 6
E 34 155 6
E 155 34 9
E 155 34 9
E 34 155 7
E 36 120 10
E 120 36 5
E 120 36 9
E 36 120 6
E 47 29 8
E 29 47 9
E 29 47 5
E 47 29 7
E 104 55 5
E 55 104 5
E 55 104 5
E 104 55 7
E 66 96 7
E 96 66 10
E 96 66 5
E 66 96 5
E 25 16 7
E 16 25 5
E 16 25 10
E 25 16 5
E 109 28 8
E 28 109 7
E 28 109 8
E 109 28 5
E 100 39 6
E 100 14 5
E 100 86 9
E 39 100 10
E 86 39 9
E 86 100 8
E 86 14 7
E 14 86 7
E 14 39 8
E 14 86 7
E 14 100 8
E 100 14 6
E 39 100 8
E 39 14 5
E 39 86 9
E 100 39 8
E 76 1 6
E 1 76 8
E 1 76 6
E 76 1 7
E 77 8 6
E 77 78 6
E 8 77 5
E 8 77 6
E 8 78 10
E 77 8 9
E 78 77 6
E 78 8 6
E 8 78 10
E 68 117 7
E 117 68 8
E 117 68 5
E 68 117 6
E 84 140 10
E 84 54 7
E 54 84 7
E 140 84 6
E 140 54 5
E 54 140 8
E 54 84 9
E 54 140 6
E 140 54 5
E 154 90 8
E 154 148 5
E 90 154 5
E 90 154 9
E 90 148 10
E 154 90 7
E 148 154 10
E 148 90 8
E 154 148 7
E 98 132 8
E 132 98 5
E 132 98 8
E 98 132 10
E 97 59 8
E 97 133 6
E 97 37 10
E 133 97 8
E 133 59 8
E 133 97 9
E 133 37 10
E 37 133 8
E 59 97 9
E 59 133 6
E 59 37 6
E 97 59 9
E 37 59 6
E 37 97 5
E 37 133 10
E 59 37 7
E 4 60 7
E 60 4 7
E 60 4 10
E 4 60 10
E 92 56 5
E 92 137 7
E 56 92 7
E 56 92 9
E 56 137 6
E 137 56 6
E 137 92 10
E 137 56 9
E 56 137 8
E 152 38 7
E 152 11 9
E 38 152 8
E 38 152 9
E 38 11 5
E 152 38 8
E 11 152 7
E 11 38 10
E 152 11 8
E 85 119 7
E 119 85 8
E 119 85 6
E 85 119 8
E 89 13 5
E 13 89 10
E 13 89 8
E 89 13 10
E 99 42 5
E 42 99 5
E 42 99 7
E 99 42 9
E 143 44 8
E 44 143 7
E 44 143 6
E 143 44 6
E 62 114 9
E 114 62 5
E 114 62 9
E 62 114 9
E 7 103 6
E 103 7 6
E 103 7 7
E 7 103 6
E 48 110 6
E 110 48 5
E 110 48 7
E 48 110 8
E 106 149 9
E 106 80 5
E 149 106 10
E 149 106 7
E 149 80 10
E 106 149 5
E 80 106 6
E 80 149 10
E 106 80 6
E 17 98 8
E 17 35 9
E 17 51 10
E 17 112 5
E 17 39 9
E 17 150 10
E 17 34 7
E 17 67 5
E 17 16 5
E 17 109 8
E 17 94 10
E 17 122 10
E 17 76 7
E 17 124 9
E 17 144 7
E 17 58 9
E 17 70 7
E 17 22 8
E 17 4 6
E 17 9 8
E 17 2 7
E 17 38 10
E 17 136 8
E 17 21 9
E 17 27 6
E 17 28 10
E 17 138 9
E 17 142 7
E 17 147 7
E 17 113 8
E 17 89 7
E 17 114 9
E 17 116 8
E 17 84 10
E 10 85 10
E 10 58 8
E 10 16 10
E 10 104 10
E 10 93 5
E 10 2 7
E 10 119 8
E 10 144 5
E 10 29 6
E 10 86 7
E 10 134 5
E 10 11 7
E 10 88 10
E 10 54 7
E 10 142 10
E 10 20 10
E 10 68 5
E 10 8 8
E 10 138 6
E 10 35 9
E 10 55 5
E 10 99 6
E 10 108 8
E 10 66 6
E 10 62 6
E 10 25 8
E 10 5 6
E 10 24 7
E 10 95 10
E 10 156 6
E 10 74 7
E 10 98 9
E 10 116 10
E 10 13 5
E 27 58 7
E 130 111 5
E 130 143 7
E 130 88 10
E 130 110 10
E 27 151 10
E 130 18 7
E 27 137 9
E 27 87 5
E 27 49 7
E 27 67 7
E 130 133 7
E 27 141 6
E 130 36 8
E 130 30 8
E 130 123 8
E 27 37 7
E 27 62 10
E 130 74 5
E 27 155 10
E 130 134 7
E 27 113 6
E 27 125 7
E 130 65 7
E 27 135 5
E 27 32 9
E 27 105 10
E 130 20 7
E 130 124 7
E 130 96 10
E 27 48 8
E 130 31 8
E 27 121 10
E 27 145 9
E 33 52 10
E 33 23 7
E 95 124 6
E 95 56 10
E 95 118 9
E 95 152 5
E 33 124 9
E 33 45 7
E 95 112 10
E 95 9 6
E 95 102 6
E 33 38 6
E 33 94 5
E 95 147 8
E 95 150 6
E 33 76 6
E 33 42 6
E 33 122 5
E 33 58 9
E 33 60 7
E 33 69 10
E 33 123 7
E 33 13 7
E 33 53 9
E 33 3 10
E 33 29 7
E 33 28 9
E 95 68 7
E 33 141 8
E 95 138 6
E 95 32 7
E 33 150 8
E 95 46 9
E 95 132 7
E 156 2 10
E 156 6 9
E 156 43 6
E 156 91 10
E 156 42 10
E 156 122 7
E 156 140 5
E 156 34 8
E 156 35 9
E 156 142 7
E 156 134 9
E 156 60 7
E 156 63 7
E 156 108 10
E 156 38 7
E 156 109 9
E 156 116 8
E 156 51 8
E 156 21 6
E 156 136 5
E 156 133 7
E 156 14 8
E 156 125 9
E 156 57 5
E 156 65 6
E 156 40 9
E 156 8 9
E 156 80 7
E 156 48 8
E 156 102 9
E 156 87 6
E 156 123 7
E 156 28 5
E 156 25 7
E 22 129 8
E 22 116 10
E 105 62 6
E 22 57 6
E 22 82 6
E 105 148 8
E 22 120 9
E 22 87 10
E 22 69 8
E 22 12 8
E 105 75 9
E 105 149 6
E 22 152 10
E 22 67 5
E 22 145 7
E 105 6 7
E 105 141 6
E 105 94 6
E 105 68 6
E 105 104 6
E 22 16 10
E 22 112 9
E 22 113 5
E 22 134 8
E 22 98 8
E 105 119 10
E 105 132 7
E 22 64 7
E 22 4 10
E 22 2 7
E 105 31 7
E 105 152 8
E 105 44 6
E 105 59 9
E 150 143 7
E 150 9 6
E 150 138 10
E 150 21 10
E 150 141 7
E 150 87 6
E 150 90 7
E 150 121 9
E 150 80 6
E 150 151 8
E 150 135 6
E 150 57 7
E 150 155 10
E 150 2 5
E 150 25 8
E 150 109 6
E 150 142 6
E 150 97 10
E 150 120 7
E 150 118 5
E 150 3 9
E 150 88 7
E 150 35 6
E 150 131 10
E 150 29 10
E 150 116 10
E 150 67 6
E 150 34 7
E 150 99 7
E 150 66 9
E 150 24 9
E 150 11 9
E 150 37 8
E 150 16 5
E 126 48 10
E 49 145 7
E 129 140 8
E 49 47 5
E 49 57 10
E 126 69 10
E 129 121 9
E 49 66 7
E 49 76 8
E 129 68 5
E 129 85 9
E 129 5 8
E 129 87 5
E 126 146 8
E 129 148 9
E 126 57 6
E 49 23 6
E 49 96 5
E 126 123 5
E 126 141 5
E 126 30 8
E 49 151 8
E 49 125 8
E 126 51 9
E 129 141 8
E 129 66 10
E 126 0 7
E 49 115 8
E 49 30 7
E 49 83 9
E 129 57 7
E 49 92 6
E 49 26 10
E 129 39 6
E 116 113 9
E 116 57 10
E 116 1 9
E 116 29 9
E 116 93 9
E 116 83 7
E 116 6 7
E 116 60 10
E 116 106 10
E 116 67 5
E 116 122 9
E 116 34 5
E 116 32 10
E 116 43 9
E 116 79 9
E 116 77 8
E 116 58 10
E 116 111 5
E 116 75 8
E 116 35 8
E 116 136 9
E 116 3 9
E 116 42 7
E 116 50 10
E 116 123 8
E 116 102 9
E 116 53 8
E 116 31 9
E 116 145 9
E 116 51 10
E 116 81 5
E 116 140 7
E 116 25 6
E 116 11 5
E 79 35 7
E 63 124 7
E 111 121 8
E 79 153 7
E 63 145 9
E 63 90 6
E 63 41 10
E 111 103 8
E 23 149 6
E 111 8 8
E 63 102 6
E 79 127 9
E 23 146 7
E 23 104 6
E 63 65 8
E 63 51 9
E 23 19 5
E 111 108 8
E 23 144 8
E 63 20 5
E 23 38 6
E 79 90 6
E 111 136 9
E 23 132 9
E 79 65 6
E 63 46 6
E 79 41 7
E 111 131 6
E 23 64 8
E 111 11 10
E 63 97 10
E 63 75 10
E 111 58 6
E 79 123 8
E 67 9 5
E 67 41 5
E 67 69 8
E 67 123 9
E 67 5 6
E 67 144 7
E 67 102 8
E 67 15 7
E 67 85 8
E 67 38 8
E 67 121 9
E 67 83 9
E 67 57 8
E 67 108 9
E 67 145 7
E 67 42 9
E 67 30 5
E 67 132 6
E 67 2 5
E 67 103 7
E 67 91 6
E 67 100 6
E 67 18 5
E 67 47 8
E 67 54 10
E 67 142 6
E 67 101 10
E 67 140 6
E 67 135 7
E 67 4 5
E 67 141 10
E 67 76 6
E 67 25 7
E 67 44 8
E 142 14 5
E 142 88 8
E 131 128 6
E 142 43 6
E 142 113 6
E 142 57 6
E 142 82 9
E 142 21 6
E 131 140 10
E 131 1 9
E 142 132 9
E 131 151 6
E 131 98 7
E 142 141 7
E 131 13 10
E 131 124 10
E 131 145 10
E 131 21 5
E 142 90 7
E 131 94 7
E 142 102 6
E 142 39 6
E 131 82 5
E 131 65 7
E 142 127 6
E 142 115 10
E 142 34 7
E 142 99 8
E 142 137 8
E 131 31 7
E 131 132 7
E 131 115 7
E 131 25 8
E 131 66 9
E 58 124 10
E 58 57 6
E 58 40 10
E 58 104 10
E 58 75 10
E 58 44 7
E 58 133 9
E 58 96 10
E 58 65 9
E 58 77 7
E 58 20 7
E 58 88 7
E 58 69 8
E 58 144 8
E 58 123 6
E 58 138 8
E 58 7 6
E 58 118 9
E 58 36 7
E 58 135 10
E 58 64 10
E 58 42 5
E 58 28 9
E 58 46 7
E 58 145 8
E 58 112 5
E 58 134 8
E 58 94 10
E 58 51 5
E 58 8 6
E 58 11 6
E 58 85 9
E 58 13 7
E 58 119 5
E 93 118 5
E 125 96 5
E 125 94 9
E 64 114 8
E 125 135 6
E 125 15 5
E 64 153 7
E 125 113 8
E 125 43 5
E 64 139 7
E 64 16 6
E 64 18 6
E 93 155 9
E 125 136 10
E 64 81 10
E 93 135 9
E 64 34 8
E 64 31 7
E 93 152 6
E 93 147 9
E 93 18 5
E 125 65 6
E 64 155 10
E 64 144 10
E 125 80 8
E 125 145 7
E 64 122 5
E 125 30 6
E 125 54 6
E 93 0 10
E 125 61 8
E 125 87 10
E 125 137 8
E 64 41 9
E 75 57 6
E 75 37 6
E 75 143 10
E 75 16 5
E 75 21 7
E 75 121 8
E 75 62 10
E 75 72 10
E 75 113 8
E 75 94 7
E 75 70 10
E 75 34 7
E 75 136 8
E 75 84 7
E 75 101 6
E 75 15 8
E 75 48 8
E 75 122 5
E 75 40 6
E 75 12 9
E 75 53 8
E 75 35 6
E 75 104 9
E 75 148 8
E 75 124 7
E 75 107 7
E 75 65 10
E 75 74 5
E 75 54 8
E 75 82 8
E 75 135 7
E 75 69 8
E 75 38 10
E 75 18 9
E 81 99 9
E 81 89 10
E 81 107 6
E 151 153 8
E 151 7 6
E 151 53 7
E 151 60 5
E 151 5 5
E 81 57 9
E 81 144 7
E 151 141 6
E 151 124 7
E 151 119 5
E 151 6 7
E 81 16 6
E 151 69 5
E 81 102 8
E 81 135 9
E 151 135 5
E 81 18 10
E 151 62 5
E 151 154 6
E 151 35 9
E 81 87 5
E 81 109 8
E 151 110 5
E 81 122 5
E 81 5 7
E 151 31 8
E 81 30 7
E 151 106 10
E 81 19 7
E 81 48 6
E 151 91 5
E 122 5 7
E 122 15 9
E 122 73 9
E 122 4 10
E 122 94 5
E 122 12 5
E 122 88 6
E 122 13 5
E 122 140 9
E 122 72 5
E 122 43 9
E 122 38 9
E 122 37 8
E 122 144 5
E 122 124 8
E 122 108 6
E 122 53 7
E 122 146 6
E 122 30 8
E 122 35 9
E 122 87 9
E 122 71 9
E 122 69 9
E 122 98 5
E 122 68 5
E 122 46 5
E 122 148 8
E 122 0 10
E 122 80 10
E 122 102 9
E 122 89 5
E 122 100 7
E 122 21 10
E 122 18 8
E 52 43 6
E 52 5 9
E 50 15 10
E 50 107 10
E 50 20 9
E 50 18 5
E 50 48 6
E 50 80 7
E 52 56 6
E 50 138 7
E 50 6 5
E 50 113 5
E 52 117 10
E 52 123 7
E 52 113 6
E 50 121 8
E 19 46 7
E 50 84 7
E 50 16 10
E 50 69 6
E 52 98 8
E 19 140 5
E 52 145 8
E 19 9 10
E 19 96 8
E 52 73 8
E 19 68 10
E 52 118 7
E 50 140 7
E 50 3 9
E 52 121 7
E 52 154 6
E 52 94 5
E 50 133 6
E 71 124 6
E 46 136 7
E 71 136 5
E 46 100 8
E 70 146 7
E 46 90 7
E 71 54 6
E 46 144 7
E 46 87 10
E 46 43 7
E 70 109 7
E 46 94 8
E 46 55 5
E 70 48 10
E 71 74 7
E 46 69 8
E 46 13 7
E 70 55 8
E 71 94 6
E 46 121 5
E 70 14 7
E 46 118 9
E 46 47 10
E 70 90 5
E 46 35 7
E 46 9 10
E 46 26 6
E 70 53 7
E 70 34 8
E 71 48 8
E 71 36 5
E 46 40 6
E 71 1 7
E 71 11 10
E 73 147 6
E 73 98 6
E 0 87 9
E 72 115 8
E 0 136 10
E 128 7 8
E 0 123 7
E 128 47 6
E 73 78 8
E 72 103 8
E 0 98 5
E 73 8 7
E 128 147 10
E 0 4 10
E 73 123 6
E 72 102 6
E 73 6 7
E 73 145 6
E 73 112 8
E 73 113 5
E 0 1 5
E 73 3 8
E 73 28 10
E 0 127 9
E 72 8 5
E 128 65 5
E 72 69 7
E 128 69 8
E 72 152 8
E 73 42 5
E 73 109 9
E 72 57 6
E 0 94 6
E 72 41 5
E 41 147 5
E 115 107 5
E 115 135 9
E 115 153 7
E 115 65 8
E 41 28 5
E 41 138 5
E 41 6 7
E 41 30 6
E 41 66 7
E 41 149 10
E 41 69 5
E 115 145 5
E 41 20 9
E 115 53 6
E 41 18 9
E 41 106 9
E 115 30 7
E 41 43 8
E 41 68 6
E 115 147 10
E 41 87 9
E 115 2 6
E 41 53 8
E 115 101 7
E 41 155 8
E 115 124 10
E 41 135 7
E 41 21 5
E 115 141 7
E 41 119 7
E 115 5 7
E 115 69 9
E 41 123 6
E 32 42 6
E 153 84 8
E 32 53 6
E 32 152 6
E 153 112 7
E 32 148 6
E 153 5 5
E 153 21 9
E 32 57 6
E 32 30 9
E 153 82 7
E 32 121 6
E 153 45 8
E 32 94 6
E 153 57 5
E 32 1 10
E 153 100 10
E 32 31 10
E 153 74 5
E 32 134 10
E 153 29 9
E 153 87 6
E 32 155 7
E 32 90 8
E 153 28 6
E 153 65 5
E 32 35 5
E 153 97 8
E 32 127 10
E 32 146 9
E 32 104 5
E 32 29 8
E 32 7 9
E 153 119 9
E 138 55 10
E 138 91 5
E 138 124 8
E 138 69 7
E 138 57 9
E 138 39 5
E 138 78 5
E 138 74 5
E 138 123 7
E 138 3 10
E 138 20 5
E 138 145 6
E 138 155 8
E 138 51 8
E 138 5 6
E 138 53 8
E 138 2 9
E 138 21 10
E 138 144 7
E 138 97 6
E 138 104 8
E 138 121 6
E 138 68 10
E 138 87 10
E 138 80 10
E 138 148 5
E 138 132 6
E 138 94 5
E 138 114 8
E 138 136 6
E 138 1 10
E 138 137 5
E 138 149 10
E 138 34 7
E 141 97 10
E 141 51 7
E 141 137 9
E 141 29 10
E 141 42 10
E 141 74 10
E 141 31 6
E 141 45 6
E 141 89 8
E 141 146 9
E 141 135 10
E 141 132 8
E 141 5 5
E 141 134 10
E 141 76 6
E 141 53 7
E 141 107 5
E 141 136 8
E 141 143 10
E 141 121 6
E 141 104 8
E 141 124 5
E 141 94 10
E 141 147 5
E 141 114 5
E 141 112 9
E 141 66 10
E 141 12 7
E 141 34 5
E 141 39 7
E 141 1 7
E 141 118 9
E 141 40 8
E 141 57 9
E 134 56 9
E 146 152 7
E 134 30 6
E 134 55 8
E 146 15 8
E 146 51 8
E 134 139 7
E 134 59 9
E 146 114 8
E 134 76 10
E 146 16 8
E 146 135 6
E 146 13 5
E 146 35 7
E 146 31 10
E 146 69 9
E 134 102 10
E 134 90 7
E 146 4 6
E 134 26 5
E 146 147 9
E 146 108 8
E 134 132 7
E 146 78 5
E 134 53 6
E 146 136 5
E 134 42 9
E 134 45 6
E 134 34 5
E 134 2 6
E 134 43 5
E 146 5 5
E 134 94 8
E 146 18 7
E 57 80 5
E 57 3 7
E 57 87 10
E 57 29 8
E 57 65 9
E 57 53 5
E 57 144 6
E 57 112 9
E 57 28 9
E 57 35 10
E 57 30 6
E 57 5 10
E 57 82 6
E 57 18 6
E 57 13 5
E 57 21 9
E 57 132 7
E 57 102 9
E 57 107 5
E 57 149 10
E 57 152 10
E 57 43 7
E 57 140 5
E 57 147 6
E 57 118 6
E 57 123 8
E 57 7 7
E 57 106 5
E 57 8 8
E 57 74 7
E 57 98 6
E 57 40 6
E 57 145 6
E 57 127 9
E 135 87 9
E 135 121 10
E 135 152 9
E 135 118 9
E 135 154 7
E 135 2 7
E 135 28 8
E 135 85 8
E 135 84 7
E 135 80 6
E 135 45 5
E 135 56 8
E 135 26 10
E 135 21 5
E 135 83 8
E 135 18 7
E 135 38 6
E 135 110 10
E 135 114 8
E 135 145 6
E 135 69 9
E 135 92 5
E 135 108 10
E 135 65 7
E 135 147 5
E 135 78 9
E 135 148 7
E 135 102 5
E 135 7 5
E 135 66 10
E 135 35 8
E 135 30 10
E 135 51 5
E 135 43 8
E 31 145 7
E 31 74 8
E 31 30 6
E 31 24 6
E 31 43 6
E 31 123 10
E 31 140 7
E 31 18 8
E 31 83 8
E 31 87 10
E 31 118 9
E 31 62 7
E 31 36 5
E 31 60 8
E 31 104 6
E 31 92 10
E 31 42 10
E 31 13 10
E 31 137 5
E 31 51 7
E 31 98 6
E 31 149 5
E 31 65 10
E 31 143 9
E 31 113 7
E 31 110 8
E 31 6 9
E 31 94 5
E 31 96 6
E 31 76 7
E 31 103 10
E 31 80 10
E 31 2 9
E 31 21 10
E 123 59 9
E 123 102 7
E 123 121 6
E 123 94 6
E 123 90 10
E 123 154 5
E 123 124 7
E 123 1 10
E 123 83 10
E 123 108 8
E 123 34 9
E 123 53 9
E 123 147 7
E 123 8 10
E 123 65 7
E 123 82 10
E 123 38 8
E 123 140 9
E 123 149 8
E 123 110 6
E 123 99 9
E 123 7 8
E 123 25 9
E 123 118 5
E 123 74 5
E 123 20 5
E 123 12 6
E 123 15 10
E 123 112 7
E 123 5 10
E 123 11 6
E 123 51 7
E 123 136 9
E 123 106 10
E 40 117 5
E 40 98 6
E 40 7 7
E 82 118 9
E 40 47 10
E 40 34 10
E 40 42 9
E 40 66 6
E 82 87 5
E 82 65 8
E 82 144 10
E 40 99 7
E 40 118 6
E 40 56 9
E 82 84 8
E 82 98 5
E 40 90 7
E 82 55 5
E 82 113 8
E 40 43 8
E 82 43 10
E 40 89 10
E 40 87 7
E 40 5 9
E 40 102 10
E 40 4 9
E 40 3 8
E 40 120 6
E 82 15 5
E 82 8 7
E 82 112 5
E 82 121 9
E 40 136 10
E 40 21 6
E 74 30 6
E 74 119 9
E 74 118 6
E 74 9 10
E 74 2 10
E 74 43 5
E 74 94 8
E 74 145 9
E 74 5 10
E 74 15 5
E 74 34 6
E 74 42 8
E 74 61 5
E 74 47 10
E 74 11 8
E 74 28 9
E 74 120 9
E 74 124 10
E 74 1 7
E 74 18 5
E 74 69 5
E 74 99 7
E 74 154 5
E 74 137 9
E 74 78 8
E 74 60 5
E 74 85 7
E 74 62 5
E 74 139 6
E 74 53 5
E 74 113 5
E 74 4 5
E 74 147 10
E 74 102 7
E 127 3 5
E 15 78 7
E 61 12 7
E 15 91 10
E 61 88 9
E 15 113 5
E 15 8 9
E 61 7 10
E 15 53 6
E 127 54 5
E 61 85 6
E 15 16 6
E 127 51 9
E 15 112 8
E 61 144 10
E 61 119 7
E 127 139 7
E 61 110 5
E 61 60 9
E 127 117 7
E 15 92 8
E 61 102 9
E 15 124 5
E 61 2 7
E 127 90 6
E 61 20 9
E 127 45 7
E 61 148 9
E 127 43 6
E 61 47 5
E 61 1 5
E 15 118 9
E 127 87 7
E 15 87 6
E 113 85 5
E 113 26 6
E 113 30 8
E 113 96 5
E 113 147 6
E 113 114 9
E 113 86 9
E 113 121 5
E 113 37 6
E 113 34 9
E 113 6 9
E 113 99 9
E 113 103 7
E 113 76 8
E 113 120 7
E 113 44 10
E 113 107 6
E 113 7 8
E 113 47 8
E 113 92 8
E 113 98 10
E 113 118 10
E 113 117 10
E 113 94 5
E 113 55 10
E 113 109 6
E 113 145 6
E 113 132 5
E 113 54 7
E 113 12 8
E 113 3 9
E 113 48 8
E 113 106 9
E 113 53 6
E 139 35 7
E 26 6 6
E 26 144 10
E 139 68 6
E 139 85 7
E 26 48 5
E 139 118 7
E 139 103 8
E 26 104 8
E 101 53 5
E 139 21 9
E 139 143 8
E 139 53 8
E 26 124 9
E 101 77 10
E 101 68 7
E 139 43 7
E 101 65 7
E 26 1 6
E 101 124 5
E 26 7 6
E 101 69 9
E 26 43 9
E 101 89 5
E 139 91 10
E 139 112 7
E 26 87 5
E 101 147 7
E 139 99 5
E 26 107 7
E 139 29 5
E 26 13 5
E 139 34 9
E 139 1 9
E 65 94 5
E 65 24 10
E 65 5 6
E 65 56 10
E 65 120 7
E 65 112 9
E 65 100 8
E 65 114 8
E 65 45 5
E 65 108 8
E 65 87 8
E 65 39 7
E 65 69 9
E 65 102 7
E 65 89 7
E 65 53 10
E 65 13 10
E 65 66 5
E 65 11 8
E 65 18 9
E 65 44 8
E 65 103 9
E 65 104 7
E 65 118 10
E 65 59 10
E 65 124 6
E 65 148 9
E 65 43 10
E 65 7 10
E 65 152 10
E 65 20 5
E 65 68 5
E 65 90 5
E 65 4 6
E 108 94 6
E 108 2 5
E 108 145 10
E 108 35 5
E 83 89 8
E 108 89 10
E 108 53 9
E 108 136 5
E 83 119 5
E 108 37 10
E 108 102 7
E 83 5 6
E 108 144 10
E 108 109 7
E 108 112 6
E 83 98 10
E 83 145 7
E 108 143 8
E 83 104 10
E 83 44 9
E 108 18 8
E 83 55 10
E 108 107 5
E 83 42 6
E 83 144 8
E 108 132 8
E 108 119 7
E 108 21 7
E 108 87 8
E 83 28 7
E 108 147 8
E 108 85 7
E 83 7 5
E 83 2 8
E 24 94 10
E 24 88 7
E 24 118 10
E 3 28 5
E 3 124 8
E 3 118 7
E 24 42 9
E 24 5 7
E 3 112 7
E 24 47 10
E 24 137 5
E 3 143 7
E 3 69 5
E 3 42 5
E 3 147 8
E 24 147 5
E 24 132 10
E 3 47 5
E 3 2 6
E 24 133 6
E 24 100 8
E 3 87 6
E 3 144 7
E 3 18 7
E 3 59 5
E 24 119 6
E 3 149 10
E 24 107 8
E 3 86 8
E 3 35 10
E 24 6 6
E 24 18 7
E 3 85 7
E 3 84 5
E 144 85 9
E 144 30 9
E 144 53 8
E 144 54 9
E 144 96 10
E 144 87 7
E 144 13 5
E 144 94 8
E 144 69 7
E 144 109 6
E 144 98 9
E 144 43 10
E 144 137 8
E 144 1 8
E 144 36 5
E 144 2 5
E 144 78 9
E 144 143 10
E 144 124 7
E 144 11 9
E 144 104 8
E 144 12 8
E 144 5 8
E 144 16 5
E 144 145 7
E 144 47 10
E 144 147 5
E 144 117 10
E 144 102 9
E 144 18 5
E 144 118 7
E 144 37 5
E 144 136 6
E 144 107 9
E 112 152 5
E 112 35 6
E 112 91 8
E 112 53 10
E 112 45 5
E 112 2 8
E 112 13 7
E 112 94 9
E 112 62 9
E 112 107 9
E 112 98 9
E 112 8 10
E 112 66 7
E 112 5 8
E 112 25 6
E 112 78 5
E 112 155 6
E 112 56 10
E 112 90 9
E 112 136 7
E 112 145 5
E 112 4 10
E 112 149 9
E 112 51 7
E 112 100 6
E 112 137 7
E 112 30 5
E 112 102 8
E 112 117 5
E 112 76 9
E 112 119 10
E 112 55 6
E 112 89 8
E 112 120 10
E 9 117 10
E 88 16 9
E 91 53 6
E 88 62 7
E 9 99 5
E 91 94 10
E 88 120 7
E 91 2 10
E 91 35 6
E 88 20 8
E 9 96 8
E 12 35 6
E 91 42 6
E 9 87 5
E 91 99 7
E 12 30 6
E 9 42 10
E 91 56 9
E 91 136 10
E 12 60 10
E 12 117 5
E 9 118 5
E 9 89 6
E 91 51 10
E 91 68 5
E 9 21 7
E 12 55 8
E 9 35 9
E 9 18 9
E 88 13 5
E 88 76 8
E 91 89 9
E 9 85 7
E 12 137 6
E 124 68 9
E 124 60 8
E 124 92 5
E 124 86 10
E 124 69 7
E 124 148 9
E 124 5 10
E 124 35 5
E 124 18 6
E 124 102 7
E 124 121 6
E 124 147 5
E 124 47 6
E 124 107 7
E 124 145 7
E 124 2 8
E 124 55 10
E 124 118 9
E 124 120 6
E 124 44 7
E 124 98 7
E 124 104 8
E 124 114 9
E 124 21 9
E 124 110 10
E 124 133 6
E 124 76 5
E 124 25 8
E 124 1 9
E 124 117 10
E 124 6 10
E 124 51 7
E 124 103 9
E 124 30 8
E 118 1 7
E 118 25 6
E 118 66 8
E 118 154 10
E 118 148 7
E 118 38 9
E 118 121 10
E 118 100 8
E 118 68 6
E 118 136 5
E 118 87 7
E 118 77 5
E 118 44 7
E 118 18 5
E 118 114 7
E 118 20 8
E 118 90 7
E 118 147 8
E 118 99 6
E 118 80 9
E 118 85 9
E 118 43 6
E 118 78 10
E 118 37 6
E 118 30 6
E 118 2 9
E 118 76 6
E 118 145 10
E 118 4 9
E 118 59 9
E 118 36 5
E 118 55 6
E 118 11 9
E 118 94 5
E 20 100 10
E 20 66 7
E 45 148 10
E 45 87 7
E 45 96 10
E 20 96 8
E 45 42 5
E 45 21 10
E 45 107 5
E 20 38 8
E 20 18 7
E 45 89 10
E 20 29 9
E 45 5 7
E 45 25 6
E 20 36 5
E 45 18 9
E 45 51 10
E 20 47 9
E 20 94 10
E 45 120 6
E 45 106 6
E 45 147 5
E 20 4 5
E 45 76 6
E 45 43 6
E 20 14 5
E 45 92 10
E 20 121 8
E 20 69 6
E 45 69 10
E 45 109 10
E 20 109 10
E 20 30 9
E 6 104 7
E 107 28 9
E 6 145 5
E 107 5 5
E 107 103 8
E 6 121 7
E 6 47 9
E 107 69 6
E 6 8 8
E 6 148 9
E 6 18 9
E 6 37 10
E 107 114 8
E 6 13 9
E 6 5 8
E 6 84 8
E 107 87 10
E 107 102 8
E 6 147 6
E 6 132 7
E 6 66 5
E 107 152 8
E 107 106 8
E 6 21 6
E 107 51 10
E 6 39 10
E 107 62 7
E 6 143 9
E 107 25 5
E 107 43 9
E 6 90 10
E 107 35 9
E 6 68 6
E 107 59 9
E 30 94 6
E 30 69 8
E 30 145 9
E 30 18 9
E 30 2 7
E 30 77 10
E 30 4 10
E 30 51 5
E 30 140 9
E 30 36 10
E 30 136 8
E 30 43 5
E 30 89 10
E 30 1 10
E 30 98 9
E 30 25 7
E 30 35 8
E 30 121 7
E 30 96 6
E 30 102 8
E 30 42 10
E 30 53 8
E 30 86 10
E 30 104 5
E 30 39 10
E 30 60 7
E 30 62 7
E 30 147 9
E 30 29 8
E 30 34 8
E 30 132 6
E 30 155 6
E 30 28 6
E 30 100 10
E 34 149 6
E 34 147 7
E 155 48 6
E 34 53 8
E 155 145 10
E 34 102 5
E 155 13 9
E 34 68 5
E 155 148 6
E 155 53 8
E 34 60 8
E 155 5 5
E 34 78 5
E 155 119 7
E 155 85 5
E 34 47 6
E 34 80 9
E 155 106 7
E 34 121 6
E 155 109 7
E 34 84 8
E 34 69 5
E 34 13 7
E 155 152 7
E 155 87 5
E 155 42 8
E 155 110 10
E 34 16 9
E 34 117 8
E 34 56 5
E 155 43 8
E 155 7 5
E 34 143 8
E 155 18 9
E 120 25 10
E 36 1 9
E 120 35 6
E 120 37 8
E 36 110 6
E 36 96 5
E 36 148 10
E 120 104 5
E 36 117 7
E 36 37 5
E 36 11 10
E 36 66 6
E 120 137 6
E 120 154 7
E 36 102 10
E 120 119 6
E 36 87 8
E 120 28 5
E 120 18 9
E 36 44 8
E 36 119 10
E 36 35 7
E 36 90 8
E 36 152 6
E 36 121 5
E 36 68 9
E 120 13 5
E 36 43 7
E 36 2 7
E 120 87 5
E 36 14 7
E 36 104 5
E 36 60 7
E 36 18 10
E 121 154 7
E 121 69 6
E 121 25 9
E 121 87 10
E 121 103 5
E 121 68 7
E 121 5 5
E 121 102 5
E 121 47 6
E 121 35 8
E 121 51 6
E 121 94 9
E 121 106 7
E 121 28 5
E 121 136 8
E 121 37 6
E 121 2 10
E 121 96 8
E 121 66 6
E 121 8 5
E 121 21 5
E 121 18 7
E 121 145 6
E 121 43 5
E 121 117 10
E 121 42 6
E 121 11 7
E 121 14 6
E 121 55 5
E 121 1 6
E 121 98 10
E 121 80 6
E 121 38 7
E 121 16 5
E 29 87 9
E 47 25 7
E 29 21 8
E 47 13 6
E 47 8 9
E 47 2 7
E 47 94 8
E 29 114 9
E 47 102 5
E 47 1 6
E 47 147 10
E 29 35 7
E 29 94 7
E 47 84 10
E 29 18 7
E 29 136 8
E 29 137 6
E 47 154 10
E 47 5 8
E 29 38 8
E 29 16 9
E 47 16 7
E 47 133 8
E 29 104 9
E 29 2 8
E 47 110 10
E 47 109 10
E 47 145 8
E 29 42 5
E 29 5 5
E 47 51 10
E 47 43 8
E 29 66 9
E 29 152 6
E 104 136 5
E 55 62 8
E 55 87 9
E 55 80 9
E 104 103 7
E 104 35 8
E 55 89 5
E 55 66 5
E 104 51 5
E 104 109 5
E 55 48 6
E 55 35 5
E 55 69 5
E 104 132 6
E 55 51 8
E 104 68 8
E 55 148 7
E 55 54 9
E 104 85 9
E 55 28 9
E 104 98 6
E 55 43 9
E 104 102 7
E 104 21 5
E 55 42 6
E 55 132 10
E 55 147 6
E 104 18 7
E 55 102 5
E 55 14 9
E 104 90 7
E 104 39 5
E 55 94 9
E 104 92 10
E 69 39 7
E 69 51 5
E 69 35 8
E 69 37 10
E 69 68 8
E 69 100 10
E 69 117 5
E 69 18 6
E 69 99 10
E 69 77 9
E 69 48 5
E 69 5 8
E 69 148 9
E 69 53 10
E 69 87 9
E 69 13 6
E 69 140 6
E 69 147 9
E 69 96 6
E 69 98 8
E 69 21 7
E 69 85 8
E 69 114 7
E 69 110 7
E 69 59 5
E 69 80 8
E 69 154 7
E 69 14 9
E 69 86 7
E 69 54 7
E 69 84 9
E 69 2 5
E 69 44 10
E 69 145 8
E 96 11 5
E 66 68 6
E 66 85 5
E 96 21 8
E 96 110 10
E 66 92 10
E 96 94 9
E 66 145 8
E 66 43 7
E 66 109 8
E 66 48 5
E 96 39 9
E 96 7 6
E 66 25 6
E 96 43 10
E 66 5 9
E 96 137 6
E 96 103 6
E 66 137 6
E 96 18 5
E 66 136 10
E 66 16 10
E 66 11 7
E 66 100 8
E 66 42 10
E 96 2 5
E 96 102 7
E 66 94 8
E 96 119 5
E 66 18 10
E 96 145 5
E 96 100 7
E 96 152 9
E 66 35 6
E 25 11 7
E 16 97 6
E 25 87 7
E 25 35 6
E 25 51 5
E 25 145 6
E 25 143 6
E 25 8 8
E 16 21 10
E 25 60 8
E 25 13 9
E 16 87 10
E 16 42 5
E 16 145 6
E 25 102 9
E 16 102 10
E 16 106 9
E 25 14 5
E 16 39 8
E 16 18 8
E 16 51 8
E 25 137 10
E 16 98 8
E 16 62 6
E 25 76 5
E 16 132 6
E 16 114 5
E 16 94 8
E 25 53 9
E 16 86 9
E 25 94 7
E 25 114 5
E 25 44 9
E 25 98 6
E 28 43 8
E 28 85 5
E 28 77 9
E 28 102 10
E 28 140 10
E 109 44 10
E 109 110 5
E 109 5 9
E 109 2 8
E 109 38 5
E 109 85 7
E 28 114 7
E 109 1 5
E 109 68 8
E 109 76 8
E 109 94 8
E 28 8 6
E 28 18 7
E 109 136 6
E 28 53 6
E 109 35 8
E 28 137 6
E 28 48 5
E 28 94 8
E 109 140 7
E 28 97 5
E 109 97 6
E 28 35 6
E 28 103 7
E 109 51 10
E 109 114 6
E 28 117 9
E 109 37 9
E 28 145 6
E 136 99 6
E 136 143 10
E 136 14 8
E 136 80 6
E 136 4 10
E 136 76 6
E 136 148 9
E 136 44 6
E 136 114 5
E 136 51 9
E 136 102 10
E 136 53 9
E 136 94 9
E 136 62 10
E 136 89 10
E 136 92 7
E 136 87 6
E 136 13 10
E 136 119 6
E 136 140 5
E 136 103 9
E 136 7 10
E 136 42 7
E 136 35 7
E 136 133 5
E 136 60 6
E 136 39 9
E 136 2 10
E 136 68 7
E 136 147 6
E 136 145 8
E 136 18 5
E 136 84 8
E 136 48 10
E 145 44 7
E 145 35 6
E 145 98 8
E 145 85 5
E 145 11 6
E 145 132 7
E 145 89 10
E 145 43 10
E 145 84 9
E 145 53 9
E 145 119 6
E 145 99 5
E 145 87 10
E 145 62 8
E 145 54 5
E 145 110 10
E 145 5 7
E 145 102 10
E 145 117 10
E 145 13 5
E 145 18 7
E 145 78 8
E 145 1 7
E 145 94 7
E 145 86 9
E 145 2 5
E 145 143 10
E 145 77 5
E 145 21 6
E 145 149 7
E 145 4 8
E 145 148 6
E 145 76 7
E 145 103 7
E 39 62 6
E 86 7 5
E 14 147 10
E 14 35 6
E 14 4 8
E 100 2 7
E 39 8 9
E 100 140 6
E 39 94 7
E 100 37 9
E 14 154 9
E 100 90 6
E 100 68 8
E 86 51 7
E 39 114 8
E 14 1 9
E 14 110 7
E 14 94 9
E 86 132 6
E 100 147 10
E 14 114 8
E 39 51 10
E 14 137 10
E 100 5 6
E 39 92 8
E 100 4 8
E 14 48 10
E 39 2 10
E 14 87 7
E 86 148 5
E 86 18 9
E 39 76 9
E 86 21 9
E 86 117 5
E 76 60 8
E 76 133 5
E 1 2 7
E 1 147 5
E 1 18 5
E 1 97 8
E 76 106 7
E 1 68 9
E 76 42 7
E 76 43 8
E 76 18 8
E 76 77 10
E 76 21 10
E 1 62 5
E 76 89 5
E 1 98 9
E 1 87 6
E 1 51 5
E 76 97 9
E 1 60 10
E 1 90 7
E 1 103 9
E 76 5 10
E 1 5 6
E 76 87 8
E 76 103 5
E 76 110 9
E 76 99 6
E 1 35 8
E 1 44 9
E 1 53 6
E 76 53 9
E 1 102 6
E 76 102 9
E 8 110 10
E 78 62 9
E 77 59 5
E 8 60 8
E 77 38 5
E 8 21 5
E 78 21 5
E 8 5 7
E 78 53 9
E 77 48 10
E 78 87 9
E 77 148 5
E 8 80 5
E 8 56 5
E 78 89 8
E 78 85 9
E 8 54 9
E 78 37 5
E 77 114 7
E 8 147 5
E 77 94 9
E 78 59 9
E 8 4 7
E 8 94 5
E 77 147 7
E 78 60 7
E 77 99 7
E 8 35 6
E 8 117 10
E 8 133 5
E 8 137 9
E 78 43 7
E 78 4 9
E 8 42 7
E 117 60 9
E 68 35 5
E 68 18 10
E 68 133 5
E 117 51 6
E 117 147 5
E 68 44 5
E 117 5 8
E 117 149 7
E 68 119 6
E 117 154 8
E 117 44 6
E 68 147 6
E 117 92 8
E 68 5 10
E 68 53 7
E 68 102 6
E 68 13 5
E 68 48 6
E 117 132 10
E 68 87 8
E 68 114 8
E 68 106 9
E 117 94 7
E 68 152 7
E 117 84 9
E 68 99 10
E 117 53 8
E 117 43 7
E 117 48 6
E 117 148 7
E 68 84 8
E 68 94 5
E 68 148 10
E 35 53 7
E 35 133 9
E 35 21 7
E 35 140 10
E 35 87 10
E 35 44 6
E 35 60 8
E 35 13 10
E 35 2 8
E 35 98 5
E 35 143 8
E 35 43 6
E 35 18 6
E 35 62 10
E 35 149 9
E 35 90 7
E 35 137 10
E 35 110 7
E 35 85 10
E 35 5 7
E 35 4 8
E 35 51 5
E 35 94 8
E 35 97 7
E 35 11 6
E 35 89 10
E 35 106 10
E 35 42 6
E 35 114 9
E 35 147 7
E 35 99 8
E 35 102 5
E 35 56 7
E 35 103 6
E 54 106 6
E 54 87 5
E 140 43 8
E 140 119 6
E 54 60 6
E 54 42 10
E 140 44 5
E 84 2 9
E 54 53 10
E 84 5 10
E 84 62 9
E 54 102 5
E 54 2 7
E 140 148 5
E 84 43 10
E 84 53 7
E 84 114 10
E 84 60 8
E 140 97 5
E 54 5 8
E 140 13 7
E 84 132 9
E 84 21 6
E 84 87 6
E 84 18 8
E 84 51 6
E 54 56 7
E 84 102 5
E 140 37 8
E 84 103 10
E 140 53 7
E 140 80 10
E 140 94 5
E 54 13 5
E 87 103 9
E 87 56 10
E 87 99 6
E 87 147 8
E 87 143 10
E 87 85 8
E 87 133 6
E 87 18 5
E 87 97 7
E 87 89 10
E 87 94 9
E 87 21 8
E 87 13 10
E 87 38 10
E 87 80 5
E 87 114 9
E 87 119 10
E 87 43 10
E 87 90 10
E 87 44 9
E 87 2 7
E 87 53 7
E 87 62 5
E 87 51 7
E 87 42 8
E 87 149 6
E 87 106 5
E 87 137 10
E 87 4 8
E 87 5 7
E 87 37 10
E 87 92 5
E 87 102 8
E 87 152 7
E 18 110 5
E 18 114 8
E 18 13 7
E 18 102 10
E 18 48 5
E 18 149 10
E 18 132 5
E 18 53 5
E 18 38 8
E 18 21 5
E 18 147 8
E 18 62 6
E 18 92 5
E 18 99 10
E 18 7 8
E 18 85 8
E 18 133 7
E 18 94 5
E 18 51 6
E 18 4 5
E 18 2 7
E 18 43 8
E 18 97 9
E 18 44 7
E 18 154 5
E 18 89 6
E 18 90 7
E 18 11 5
E 18 5 10
E 18 56 5
E 18 152 9
E 18 103 8
E 18 42 10
E 18 106 6
E 102 21 9
E 102 48 5
E 102 148 9
E 102 44 5
E 102 42 5
E 102 154 10
E 102 5 8
E 102 90 6
E 102 143 6
E 102 51 9
E 102 2 7
E 102 62 9
E 102 147 5
E 102 152 7
E 102 94 6
E 102 92 6
E 102 85 10
E 102 98 10
E 102 103 7
E 102 43 9
E 102 110 9
E 102 97 6
E 102 133 5
E 102 119 8
E 102 53 5
E 102 89 6
E 102 132 8
E 102 13 9
E 102 7 7
E 102 60 8
E 102 56 6
E 102 4 5
E 102 99 8
E 102 38 10
E 90 5 7
E 154 132 10
E 148 103 8
E 154 5 10
E 154 48 6
E 154 13 8
E 90 92 5
E 154 51 7
E 154 21 6
E 90 13 6
E 154 53 6
E 154 92 6
E 154 59 7
E 154 114 6
E 90 89 10
E 90 51 10
E 148 60 10
E 148 137 9
E 154 60 10
E 90 43 6
E 154 56 7
E 90 4 6
E 148 85 8
E 154 147 7
E 90 48 8
E 154 43 6
E 154 2 5
E 148 43 10
E 154 37 5
E 90 53 10
E 148 99 7
E 154 119 6
E 90 62 8
E 154 85 5
E 53 2 5
E 53 5 6
E 53 94 7
E 53 97 9
E 53 59 6
E 53 62 8
E 53 143 5
E 53 106 8
E 53 137 9
E 53 21 9
E 53 133 10
E 53 38 8
E 53 110 7
E 53 114 5
E 53 60 7
E 53 13 9
E 53 44 7
E 53 103 7
E 53 98 8
E 53 43 9
E 53 132 10
E 53 85 6
E 53 119 7
E 53 89 6
E 53 99 6
E 53 149 10
E 53 80 10
E 53 7 10
E 53 11 5
E 53 51 6
E 53 152 10
E 53 56 6
E 53 147 8
E 53 4 9
E 132 11 5
E 132 89 9
E 98 43 6
E 132 48 9
E 98 59 7
E 132 43 10
E 132 97 5
E 98 99 9
E 98 37 8
E 132 60 6
E 98 147 10
E 98 21 9
E 132 7 5
E 132 42 5
E 98 137 8
E 132 99 8
E 132 2 6
E 98 2 5
E 132 62 9
E 98 5 9
E 98 89 6
E 98 51 5
E 132 147 10
E 132 137 7
E 132 5 9
E 98 7 5
E 98 114 9
E 132 85 8
E 132 13 8
E 98 110 8
E 98 4 5
E 98 85 8
E 132 94 5
E 132 119 7
E 133 119 9
E 59 43 9
E 133 103 9
E 37 43 5
E 37 56 10
E 133 62 9
E 59 149 10
E 37 89 9
E 37 94 8
E 97 43 10
E 133 38 8
E 97 99 6
E 37 147 10
E 59 103 5
E 133 99 7
E 37 7 8
E 97 114 7
E 97 89 7
E 59 119 7
E 97 48 8
E 97 143 7
E 37 85 7
E 37 119 6
E 133 11 9
E 97 21 5
E 59 143 8
E 37 137 9
E 97 2 10
E 37 80 6
E 97 147 10
E 59 62 10
E 133 7 7
E 59 2 6
E 133 51 6
E 43 21 8
E 43 85 9
E 43 119 8
E 43 62 5
E 43 147 8
E 43 42 7
E 43 5 6
E 43 94 5
E 43 7 5
E 43 99 8
E 43 4 9
E 43 60 6
E 43 110 10
E 43 51 8
E 43 89 7
E 43 2 7
E 43 44 5
E 43 56 5
E 43 48 9
E 43 92 10
E 43 143 8
E 43 11 9
E 43 114 6
E 43 106 9
E 43 152 6
E 43 137 7
E 43 13 9
E 43 149 10
E 43 103 8
E 43 80 6
E 43 38 10
E 60 110 8
E 60 149 8
E 4 94 6
E 4 85 6
E 60 89 7
E 60 143 6
E 60 2 9
E 60 85 7
E 60 147 10
E 4 2 7
E 4 106 10
E 60 5 8
E 60 119 9
E 60 21 5
E 4 7 6
E 4 119 10
E 60 51 8
E 4 147 6
E 4 103 6
E 60 62 9
E 4 44 5
E 60 99 10
E 4 137 7
E 60 152 7
E 60 94 8
E 4 51 8
E 4 110 9
E 60 13 9
E 4 99 9
E 4 42 5
E 60 48 9
E 4 11 8
E 60 80 5
E 4 56 6
E 92 89 7
E 137 89 8
E 56 48 8
E 56 106 8
E 137 94 5
E 92 5 10
E 137 62 10
E 137 7 7
E 92 94 9
E 56 51 8
E 137 85 8
E 137 21 5
E 56 119 10
E 137 38 8
E 56 2 10
E 92 48 5
E 137 152 10
E 56 5 10
E 56 21 8
E 92 143 8
E 92 38 6
E 137 2 6
E 56 11 5
E 92 13 7
E 56 42 8
E 56 99 6
E 137 103 10
E 56 103 9
E 56 149 5
E 92 110 5
E 92 42 10
E 56 7 7
E 56 114 7
E 92 51 9
E 38 99 7
E 11 94 9
E 38 110 8
E 11 85 9
E 152 42 7
E 152 2 9
E 11 119 6
E 11 103 9
E 11 114 8
E 152 13 7
E 11 110 7
E 38 103 10
E 152 114 7
E 152 51 5
E 152 5 5
E 11 42 8
E 38 51 9
E 11 147 10
E 38 147 7
E 11 21 9
E 38 119 10
E 152 99 9
E 11 48 9
E 11 44 7
E 38 48 6
E 11 2 6
E 152 62 9
E 38 94 9
E 152 147 10
E 38 114 9
E 152 21 6
E 11 51 7
E 11 62 5
E 11 80 6
E 119 62 10
E 85 110 5
E 85 80 8
E 119 2 6
E 119 51 10
E 85 103 10
E 119 44 6
E 119 147 5
E 119 94 8
E 119 42 8
E 119 5 7
E 85 147 10
E 119 103 10
E 85 5 8
E 85 48 7
E 119 21 5
E 85 143 8
E 119 143 7
E 85 89 7
E 119 48 6
E 119 13 6
E 85 51 8
E 85 21 7
E 119 89 5
E 85 44 9
E 85 42 8
E 85 2 6
E 85 94 9
E 85 106 5
E 85 99 6
E 119 110 10
E 85 7 10
E 119 149 6
E 119 80 7
E 89 21 10
E 13 44 8
E 89 44 7
E 89 94 5
E 89 5 7
E 13 42 6
E 13 5 9
E 13 2 8
E 89 2 10
E 13 94 9
E 13 48 5
E 89 143 7
E 13 147 9
E 13 143 8
E 13 21 8
E 13 149 6
E 13 110 8
E 89 149 7
E 89 80 6
E 89 62 5
E 89 103 6
E 13 51 8
E 89 99 9
E 89 114 9
E 89 147 10
E 89 42 7
E 89 51 5
E 13 103 7
E 89 48 8
E 13 106 5
E 13 80 7
E 89 110 5
E 13 114 10
E 89 106 8
E 99 103 10
E 99 143 10
E 42 143 5
E 42 2 6
E 42 48 10
E 99 94 8
E 42 80 10
E 42 106 10
E 42 103 7
E 99 2 5
E 42 7 8
E 42 110 10
E 42 5 6
E 42 147 8
E 99 7 10
E 99 21 9
E 99 106 6
E 99 147 10
E 42 149 10
E 99 114 9
E 42 21 7
E 99 51 9
E 42 51 5
E 99 80 5
E 42 94 8
E 99 5 8
E 99 149 8
E 42 114 8
E 99 48 9
E 42 44 9
E 99 44 6
E 42 62 5
E 99 62 6
E 94 110 9
E 94 2 7
E 94 5 8
E 94 114 8
E 94 44 7
E 94 143 9
E 94 21 7
E 94 147 10
E 94 62 8
E 94 51 7
E 94 80 8
E 94 103 7
E 94 149 6
E 94 106 6
E 94 48 6
E 94 7 6
E 147 143 8
E 147 110 7
E 147 106 5
E 147 48 8
E 147 21 7
E 147 80 6
E 147 149 7
E 147 5 7
E 147 2 5
E 147 51 8
E 147 44 5
E 147 62 9
E 147 7 6
E 147 114 10
E 147 103 10
E 143 110 7
E 143 51 9
E 44 5 5
E 143 114 9
E 44 21 8
E 143 149 7
E 44 110 9
E 143 2 9
E 143 106 5
E 143 103 8
E 44 103 10
E 44 114 10
E 143 5 5
E 44 80 6
E 143 21 5
E 44 51 8
E 44 7 7
E 143 7 9
E 44 2 8
E 44 106 9
E 143 80 9
E 143 62 8
E 44 62 10
E 143 48 7
E 44 48 5
E 44 149 8
E 2 48 6
E 2 114 9
E 2 62 8
E 2 106 9
E 2 21 6
E 2 5 6
E 2 103 8
E 2 51 7
E 2 149 8
E 2 80 8
E 2 110 10
E 2 7 6
E 114 106 6
E 62 51 6
E 62 5 10
E 114 110 6
E 114 7 5
E 114 51 5
E 114 21 5
E 114 103 9
E 62 21 8
E 62 110 9
E 62 106 6
E 114 5 9
E 62 103 8
E 62 48 10
E 114 48 7
E 62 80 9
E 114 80 5
E 62 7 5
E 114 149 10
E 62 149 9
E 51 149 10
E 51 110 5
E 51 7 5
E 51 80 7
E 51 48 8
E 51 103 7
E 51 21 5
E 51 5 9
E 51 106 5
E 103 5 10
E 7 5 5
E 103 21 7
E 7 149 6
E 7 80 10
E 103 80 8
E 103 48 5
E 103 110 8
E 7 48 9
E 7 21 9
E 103 149 6
E 7 110 8
E 103 106 6
E 7 106 6
E 110 149 6
E 110 21 10
E 48 5 10
E 48 21 7
E 110 5 7
E 48 106 6
E 110 106 5
E 48 149 5
E 48 80 6
E 110 80 6
E 149 21 10
E 80 5 7
E 80 21 10
E 149 5 7
E 106 21 10
E 106 5 5
E 21 5 9
