H 100 484 1
E 53 50 5
E 53 76 5
E 53 51 5
E 51 53 5
E 51 32 5
E 51 53 5
E 51 76 5
E 53 51 5
E 32 51 5
E 32 50 5
E 32 76 5
E 50 32 5
E 76 50 5
E 76 32 5
E 76 51 5
E 32 76 5
E 50 51 5
E 50 76 5
E 50 32 5
E 51 50 5
E 42 35 5
E 42 8 5
E 42 77 5
E 35 42 5
E 77 35 5
E 77 42 5
E 77 8 5
E 8 77 5
E 35 42 5
E 35 8 5
E 35 77 5
E 8 35 5
E 8 77 5
E 8 42 5
E 8 35 5
E 35 8 5
E 81 20 5
E 81 33 5
E 81 11 5
E 33 81 5
E 75 81 5
E 75 28 5
E 75 20 5
E 20 75 5
E 20 11 5
E 20 75 5
E 20 81 5
E 28 20 5
E 11 20 5
E 11 75 5
E 11 81 5
E 33 11 5
E 33 81 5
E 33 28 5
E 33 75 5
E 81 33 5
E 28 20 5
E 28 11 5
E 28 75 5
E 20 28 5
E 69 68 5
E 69 9 5
E 69 30 5
E 9 69 5
E 9 69 5
E 9 30 5
E 9 83 5
E 83 9 5
E 30 69 5
E 30 13 5
E 30 9 5
E 13 30 5
E 13 83 5
E 13 9 5
E 13 71 5
E 68 13 5
E 83 71 5
E 83 69 5
E 83 30 5
E 30 83 5
E 68 30 5
E 68 83 5
E 68 71 5
E 69 68 5
E 71 83 5
E 71 13 5
E 71 68 5
E 69 71 5
E 18 1 5
E 18 79 5
E 18 62 5
E 70 18 5
E 86 54 5
E 86 70 5
E 86 47 5
E 18 86 5
E 54 1 5
E 54 18 5
E 54 70 5
E 62 54 5
E 62 54 5
E 62 1 5
E 62 70 5
E 47 62 5
E 47 79 5
E 47 18 5
E 47 70 5
E 70 47 5
E 1 47 5
E 1 62 5
E 1 54 5
E 54 1 5
E 70 18 5
E 70 54 5
E 70 47 5
E 1 70 5
E 79 62 5
E 79 70 5
E 79 54 5
E 47 79 5
E 43 44 5
E 43 60 5
E 43 63 5
E 82 43 5
E 60 43 5
E 60 63 5
E 60 44 5
E 44 60 5
E 44 63 5
E 44 43 5
E 44 82 5
E 43 44 5
E 82 60 5
E 82 44 5
E 82 63 5
E 43 82 5
E 63 82 5
E 63 43 5
E 63 60 5
E 43 63 5
E 78 65 5
E 78 14 5
E 78 94 5
E 14 78 5
E 14 65 5
E 14 94 5
E 14 78 5
E 94 14 5
E 65 14 5
E 65 94 5
E 65 78 5
E 78 65 5
E 94 78 5
E 94 14 5
E 94 65 5
E 65 94 5
E 55 99 5
E 55 6 5
E 55 59 5
E 6 55 5
E 6 74 5
E 6 99 5
E 6 55 5
E 74 6 5
E 74 59 5
E 74 6 5
E 74 55 5
E 6 74 5
E 99 59 5
E 99 55 5
E 99 74 5
E 55 99 5
E 59 6 5
E 59 55 5
E 59 99 5
E 6 59 5
E 88 22 5
E 88 49 5
E 88 66 5
E 22 88 5
E 22 88 5
E 22 66 5
E 22 49 5
E 88 22 5
E 49 22 5
E 49 66 5
E 49 88 5
E 88 49 5
E 66 49 5
E 66 22 5
E 66 88 5
E 88 66 5
E 98 7 5
E 7 98 5
E 7 98 5
E 98 7 5
E 31 3 5
E 31 12 5
E 12 31 5
E 3 31 5
E 3 12 5
E 31 3 5
E 12 31 5
E 12 3 5
E 31 12 5
E 67 56 5
E 67 57 5
E 67 23 5
E 23 67 5
E 56 87 5
E 56 67 5
E 56 23 5
E 23 56 5
E 23 67 5
E 23 56 5
E 23 87 5
E 57 23 5
E 57 56 5
E 57 87 5
E 57 67 5
E 23 57 5
E 87 67 5
E 87 23 5
E 87 57 5
E 57 87 5
E 15 91 5
E 15 58 5
E 15 39 5
E 91 15 5
E 91 39 5
E 91 90 5
E 91 15 5
E 15 91 5
E 39 90 5
E 39 91 5
E 39 15 5
E 91 39 5
E 58 39 5
E 58 91 5
E 58 15 5
E 90 58 5
E 90 91 5
E 90 58 5
E 90 15 5
E 39 90 5
E 5 46 5
E 5 48 5
E 5 26 5
E 48 5 5
E 46 24 5
E 46 26 5
E 46 48 5
E 5 46 5
E 48 45 5
E 48 5 5
E 48 26 5
E 46 48 5
E 24 46 5
E 24 26 5
E 24 48 5
E 45 24 5
E 45 26 5
E 45 48 5
E 45 46 5
E 5 45 5
E 26 5 5
E 26 46 5
E 26 24 5
E 45 26 5
E 84 95 5
E 84 52 5
E 84 92 5
E 29 84 5
E 92 93 5
E 92 95 5
E 92 52 5
E 52 92 5
E 93 84 5
E 93 52 5
E 93 89 5
E 92 93 5
E 89 29 5
E 89 52 5
E 89 93 5
E 92 89 5
E 29 84 5
E 29 95 5
E 29 52 5
E 95 29 5
E 95 93 5
E 95 89 5
E 95 84 5
E 29 95 5
E 52 93 5
E 52 89 5
E 52 92 5
E 89 52 5
E 34 27 5
E 34 16 5
E 34 61 5
E 73 34 5
E 96 34 5
E 96 64 5
E 96 61 5
E 73 96 5
E 61 36 5
E 61 27 5
E 61 96 5
E 64 61 5
E 27 64 5
E 27 36 5
E 27 16 5
E 73 27 5
E 64 34 5
E 64 16 5
E 64 96 5
E 36 64 5
E 73 27 5
E 73 34 5
E 73 96 5
E 96 73 5
E 16 61 5
E 16 73 5
E 16 27 5
E 34 16 5
E 36 61 5
E 36 16 5
E 36 96 5
E 96 36 5
E 41 72 5
E 41 2 5
E 41 38 5
E 2 41 5
E 72 41 5
E 72 2 5
E 72 38 5
E 38 72 5
E 2 72 5
E 2 38 5
E 2 41 5
E 38 2 5
E 38 72 5
E 38 2 5
E 38 41 5
E 72 38 5
E 80 17 5
E 80 85 5
E 80 10 5
E 19 80 5
E 10 85 5
E 10 80 5
E 10 0 5
E 0 10 5
E 0 85 5
E 0 21 5
E 0 19 5
E 85 0 5
E 85 10 5
E 85 17 5
E 85 0 5
E 17 85 5
E 21 17 5
E 21 80 5
E 21 19 5
E 80 21 5
E 17 85 5
E 17 21 5
E 17 80 5
E 0 17 5
E 19 80 5
E 19 10 5
E 19 21 5
E 21 19 5
E 97 40 5
E 97 37 5
E 97 4 5
E 37 97 5
E 37 4 5
E 37 40 5
E 37 97 5
E 4 37 5
E 40 97 5
E 40 37 5
E 40 4 5
E 4 40 5
E 4 37 5
E 4 97 5
E 4 40 5
E 40 4 5
E 32 81 5
E 51 94 5
E 32 92 5
E 50 75 5
E 51 17 5
E 77 67 5
E 35 49 5
E 42 43 5
E 42 47 5
E 42 72 5
E 28 4 5
E 11 65 5
E 81 2 5
E 20 61 5
E 75 4 5
E 83 98 5
E 83 38 5
E 9 25 5
E 69 90 5
E 9 82 5
E 54 85 5
E 1 59 5
E 62 31 5
E 18 93 5
E 79 4 5
E 82 97 5
E 63 84 5
E 43 25 5
E 43 22 5
E 60 98 5
E 65 64 5
E 65 41 5
E 65 67 5
E 65 55 5
E 14 31 5
E 55 27 5
E 99 45 5
E 6 37 5
E 99 27 5
E 74 4 5
E 49 25 5
E 88 7 5
E 66 25 5
E 66 3 5
E 88 3 5
E 7 26 5
E 7 0 5
E 7 45 5
E 7 37 5
E 7 15 5
E 12 4 5
E 3 5 5
E 3 57 5
E 31 15 5
E 3 15 5
E 25 15 5
E 25 39 5
E 25 92 5
E 25 36 5
E 25 48 5
E 87 48 5
E 57 40 5
E 57 34 5
E 23 36 5
E 57 85 5
E 15 89 5
E 39 4 5
E 91 19 5
E 90 21 5
E 15 96 5
E 46 38 5
E 24 93 5
E 5 19 5
E 48 92 5
E 5 85 5
E 52 4 5
E 93 34 5
E 29 61 5
E 92 2 5
E 84 0 5
E 96 85 5
E 61 72 5
E 36 38 5
E 34 19 5
E 73 85 5
E 2 4 5
E 2 80 5
E 2 40 5
E 41 4 5
E 41 0 5
E 80 97 5
E 0 4 5
E 21 37 5
E 10 40 5
E 17 37 5
