H 1095 2641 1
E 123 309 0
E 309 123 0
E 309 123 0
E 123 309 0
E 934 527 0
E 527 934 0
E 527 934 0
E 934 527 0
E 289 705 0
E 705 289 0
E 705 289 0
E 289 705 0
E 410 1 0
E 1 410 0
E 1 410 0
E 410 1 0
E 68 876 0
E 876 68 0
E 876 68 0
E 68 876 0
E 853 283 0
E 283 853 0
E 283 853 0
E 853 283 0
E 833 835 0
E 835 833 0
E 835 833 0
E 833 835 0
E 3 894 0
E 894 3 0
E 894 3 0
E 3 894 0
E 497 512 0
E 512 497 0
E 512 497 0
E 497 512 0
E 500 972 0
E 972 500 0
E 972 500 0
E 500 972 0
E 291 1070 0
E 1070 291 0
E 1070 291 0
E 291 1070 0
E 14 259 0
E 259 14 0
E 259 14 0
E 14 259 0
E 185 292 0
E 292 185 0
E 292 185 0
E 185 292 0
E 1016 49 0
E 49 1016 0
E 49 1016 0
E 1016 49 0
E 47 954 0
E 954 47 0
E 954 47 0
E 47 954 0
E 624 287 0
E 287 624 0
E 287 624 0
E 624 287 0
E 147 567 0
E 567 147 0
E 567 147 0
E 147 567 0
E 435 973 0
E 435 726 0
E 726 435 0
E 973 435 0
E 973 726 0
E 435 973 0
E 726 435 0
E 726 973 0
E 435 726 0
E 275 518 0
E 518 275 0
E 518 275 0
E 275 518 0
E 816 473 0
E 816 693 0
E 693 816 0
E 473 816 0
E 473 693 0
E 816 473 0
E 693 816 0
E 693 473 0
E 816 693 0
E 1005 843 0
E 843 1005 0
E 843 1005 0
E 1005 843 0
E 24 463 0
E 463 24 0
E 463 24 0
E 24 463 0
E 865 381 0
E 381 865 0
E 381 865 0
E 865 381 0
E 388 637 0
E 637 388 0
E 637 388 0
E 388 637 0
E 384 586 0
E 586 384 0
E 586 384 0
E 384 586 0
E 1059 364 0
E 1059 825 0
E 364 1059 0
E 364 1059 0
E 364 825 0
E 1059 364 0
E 825 1059 0
E 825 364 0
E 364 825 0
E 688 692 0
E 692 688 0
E 692 688 0
E 688 692 0
E 635 920 0
E 920 635 0
E 920 635 0
E 635 920 0
E 210 478 0
E 478 210 0
E 478 210 0
E 210 478 0
E 335 504 0
E 504 335 0
E 504 335 0
E 335 504 0
E 789 736 0
E 736 789 0
E 736 789 0
E 789 736 0
E 849 57 0
E 57 849 0
E 57 849 0
E 849 57 0
E 87 755 0
E 87 1047 0
E 1047 87 0
E 755 87 0
E 755 1047 0
E 87 755 0
E 1047 87 0
E 1047 755 0
E 755 1047 0
E 37 328 0
E 328 37 0
E 328 37 0
E 37 328 0
E 1074 550 0
E 550 1074 0
E 550 1074 0
E 1074 550 0
E 608 350 0
E 350 608 0
E 350 608 0
E 608 350 0
E 479 197 0
E 197 479 0
E 197 479 0
E 479 197 0
E 484 563 0
E 563 484 0
E 563 484 0
E 484 563 0
E 640 253 0
E 253 640 0
E 253 640 0
E 640 253 0
E 229 99 0
E 99 229 0
E 99 229 0
E 229 99 0
E 720 338 0
E 338 720 0
E 338 720 0
E 720 338 0
E 260 420 0
E 420 260 0
E 420 260 0
E 260 420 0
E 155 919 0
E 919 155 0
E 919 155 0
E 155 919 0
E 913 1071 0
E 1071 913 0
E 1071 913 0
E 913 1071 0
E 281 509 0
E 509 281 0
E 509 281 0
E 281 509 0
E 452 656 0
E 656 452 0
E 656 452 0
E 452 656 0
E 29 645 0
E 645 29 0
E 645 29 0
E 29 645 0
E 648 617 0
E 617 648 0
E 617 648 0
E 648 617 0
E 632 958 0
E 958 632 0
E 958 632 0
E 632 958 0
E 809 296 0
E 296 809 0
E 296 809 0
E 809 296 0
E 148 644 0
E 644 148 0
E 644 148 0
E 148 644 0
E 978 677 0
E 978 461 0
E 677 978 0
E 677 978 0
E 677 461 0
E 978 677 0
E 461 978 0
E 461 677 0
E 677 461 0
E 359 1037 0
E 1037 359 0
E 1037 359 0
E 359 1037 0
E 936 407 0
E 407 936 0
E 407 936 0
E 936 407 0
E 1078 592 0
E 592 1078 0
E 592 1078 0
E 1078 592 0
E 588 450 0
E 588 902 0
E 450 588 0
E 450 588 0
E 450 902 0
E 902 450 0
E 902 588 0
E 902 450 0
E 588 902 0
E 96 525 0
E 525 96 0
E 525 96 0
E 96 525 0
E 916 574 0
E 574 916 0
E 574 916 0
E 916 574 0
E 487 100 0
E 100 487 0
E 100 487 0
E 487 100 0
E 115 702 0
E 702 115 0
E 702 115 0
E 115 702 0
E 621 200 0
E 200 621 0
E 200 621 0
E 621 200 0
E 545 159 0
E 159 545 0
E 159 545 0
E 545 159 0
E 277 785 0
E 277 965 0
E 965 277 0
E 785 277 0
E 785 965 0
E 965 785 0
E 965 277 0
E 965 785 0
E 785 965 0
E 868 842 0
E 842 868 0
E 842 868 0
E 868 842 0
E 926 721 0
E 721 926 0
E 721 926 0
E 926 721 0
E 820 39 0
E 39 820 0
E 39 820 0
E 820 39 0
E 687 134 0
E 134 687 0
E 134 687 0
E 687 134 0
E 485 983 0
E 983 485 0
E 983 485 0
E 485 983 0
E 234 709 0
E 709 234 0
E 709 234 0
E 234 709 0
E 41 90 0
E 90 41 0
E 90 41 0
E 41 90 0
E 486 794 0
E 794 486 0
E 794 486 0
E 486 794 0
E 1053 694 0
E 694 1053 0
E 694 1053 0
E 1053 694 0
E 94 735 0
E 735 94 0
E 735 94 0
E 94 735 0
E 633 267 0
E 267 633 0
E 267 633 0
E 633 267 0
E 1092 904 0
E 904 1092 0
E 904 1092 0
E 1092 904 0
E 987 895 0
E 895 987 0
E 895 987 0
E 987 895 0
E 797 290 0
E 290 797 0
E 290 797 0
E 797 290 0
E 918 846 0
E 846 918 0
E 846 918 0
E 918 846 0
E 257 823 0
E 823 257 0
E 823 257 0
E 257 823 0
E 636 891 0
E 891 636 0
E 891 636 0
E 636 891 0
E 517 524 0
E 524 517 0
E 524 517 0
E 517 524 0
E 940 985 0
E 985 940 0
E 985 940 0
E 940 985 0
E 458 800 0
E 800 458 0
E 800 458 0
E 458 800 0
E 349 9 0
E 9 349 0
E 9 349 0
E 349 9 0
E 1009 1081 0
E 1081 1009 0
E 1081 1009 0
E 1009 1081 0
E 61 724 0
E 724 61 0
E 724 61 0
E 61 724 0
E 15 685 0
E 685 15 0
E 685 15 0
E 15 685 0
E 181 239 0
E 239 181 0
E 239 181 0
E 181 239 0
E 136 872 0
E 872 136 0
E 872 136 0
E 136 872 0
E 31 959 0
E 959 31 0
E 959 31 0
E 31 959 0
E 508 777 0
E 777 508 0
E 777 508 0
E 508 777 0
E 896 599 0
E 599 896 0
E 599 896 0
E 896 599 0
E 955 164 0
E 164 955 0
E 164 955 0
E 955 164 0
E 190 469 0
E 469 190 0
E 469 190 0
E 190 469 0
E 122 220 0
E 220 122 0
E 220 122 0
E 122 220 0
E 783 395 0
E 395 783 0
E 395 783 0
E 783 395 0
E 700 146 0
E 700 142 0
E 146 700 0
E 146 700 0
E 146 142 0
E 700 146 0
E 142 700 0
E 142 146 0
E 700 142 0
E 30 1040 0
E 1040 30 0
E 1040 30 0
E 30 1040 0
E 77 537 0
E 537 77 0
E 537 77 0
E 77 537 0
E 156 439 0
E 439 156 0
E 439 156 0
E 156 439 0
E 168 569 0
E 569 168 0
E 569 168 0
E 168 569 0
E 327 279 0
E 279 327 0
E 279 327 0
E 327 279 0
E 515 25 0
E 515 716 0
E 716 515 0
E 25 515 0
E 25 716 0
E 515 25 0
E 716 515 0
E 716 25 0
E 25 716 0
E 554 897 0
E 897 554 0
E 897 554 0
E 554 897 0
E 893 329 0
E 329 893 0
E 329 893 0
E 893 329 0
E 222 69 0
E 69 222 0
E 69 222 0
E 222 69 0
E 557 611 0
E 611 557 0
E 611 557 0
E 557 611 0
E 198 345 0
E 198 466 0
E 345 198 0
E 345 198 0
E 345 466 0
E 198 345 0
E 466 198 0
E 466 345 0
E 198 466 0
E 713 886 0
E 886 713 0
E 886 713 0
E 713 886 0
E 660 2 0
E 2 660 0
E 2 660 0
E 660 2 0
E 880 89 0
E 89 880 0
E 89 880 0
E 880 89 0
E 188 215 0
E 215 188 0
E 215 188 0
E 188 215 0
E 556 392 0
E 392 556 0
E 392 556 0
E 556 392 0
E 971 627 0
E 627 971 0
E 627 971 0
E 971 627 0
E 33 426 0
E 426 33 0
E 426 33 0
E 33 426 0
E 55 899 0
E 899 55 0
E 899 55 0
E 55 899 0
E 390 157 0
E 157 390 0
E 157 390 0
E 390 157 0
E 855 967 0
E 967 855 0
E 967 855 0
E 855 967 0
E 50 483 0
E 483 50 0
E 483 50 0
E 50 483 0
E 681 374 0
E 374 681 0
E 374 681 0
E 681 374 0
E 1004 318 0
E 318 1004 0
E 318 1004 0
E 1004 318 0
E 701 317 0
E 317 701 0
E 317 701 0
E 701 317 0
E 540 240 0
E 240 540 0
E 240 540 0
E 540 240 0
E 746 116 0
E 116 746 0
E 116 746 0
E 746 116 0
E 594 182 0
E 182 594 0
E 182 594 0
E 594 182 0
E 319 1031 0
E 1031 319 0
E 1031 319 0
E 319 1031 0
E 70 75 0
E 75 70 0
E 75 70 0
E 70 75 0
E 1036 747 0
E 747 1036 0
E 747 1036 0
E 1036 747 0
E 372 91 0
E 91 372 0
E 91 372 0
E 372 91 0
E 638 622 0
E 622 638 0
E 622 638 0
E 638 622 0
E 153 63 0
E 63 153 0
E 63 153 0
E 153 63 0
E 16 541 0
E 541 16 0
E 541 16 0
E 16 541 0
E 641 933 0
E 933 641 0
E 933 641 0
E 641 933 0
E 570 793 0
E 793 570 0
E 793 570 0
E 570 793 0
E 418 502 0
E 502 418 0
E 502 418 0
E 418 502 0
E 166 103 0
E 166 840 0
E 103 166 0
E 103 166 0
E 103 840 0
E 840 103 0
E 840 166 0
E 840 103 0
E 103 840 0
E 937 499 0
E 499 937 0
E 499 937 0
E 937 499 0
E 236 658 0
E 658 236 0
E 658 236 0
E 236 658 0
E 667 93 0
E 667 1091 0
E 93 667 0
E 93 667 0
E 93 1091 0
E 1091 93 0
E 1091 667 0
E 1091 93 0
E 667 1091 0
E 659 138 0
E 659 171 0
E 171 659 0
E 138 659 0
E 138 171 0
E 659 138 0
E 171 659 0
E 171 138 0
E 659 171 0
E 243 84 0
E 84 243 0
E 84 243 0
E 243 84 0
E 109 549 0
E 549 109 0
E 549 109 0
E 109 549 0
E 207 863 0
E 863 207 0
E 863 207 0
E 207 863 0
E 211 977 0
E 977 211 0
E 977 211 0
E 211 977 0
E 606 8 0
E 8 606 0
E 8 606 0
E 606 8 0
E 979 944 0
E 944 979 0
E 944 979 0
E 979 944 0
E 616 192 0
E 192 616 0
E 192 616 0
E 616 192 0
E 941 691 0
E 691 941 0
E 691 941 0
E 941 691 0
E 829 925 0
E 925 829 0
E 925 829 0
E 829 925 0
E 862 1011 0
E 1011 862 0
E 1011 862 0
E 862 1011 0
E 786 795 0
E 795 786 0
E 795 786 0
E 786 795 0
E 699 333 0
E 333 699 0
E 333 699 0
E 699 333 0
E 393 97 0
E 97 393 0
E 97 393 0
E 393 97 0
E 631 59 0
E 59 631 0
E 59 631 0
E 631 59 0
E 836 368 0
E 836 353 0
E 353 836 0
E 368 836 0
E 368 353 0
E 836 368 0
E 353 836 0
E 353 368 0
E 368 353 0
E 394 224 0
E 224 394 0
E 224 394 0
E 394 224 0
E 930 1027 0
E 1027 930 0
E 1027 930 0
E 930 1027 0
E 572 161 0
E 161 572 0
E 161 572 0
E 572 161 0
E 870 106 0
E 106 870 0
E 106 870 0
E 870 106 0
E 396 162 0
E 162 396 0
E 162 396 0
E 396 162 0
E 18 1093 0
E 1093 18 0
E 1093 18 0
E 18 1093 0
E 575 459 0
E 459 575 0
E 459 575 0
E 575 459 0
E 467 787 0
E 787 467 0
E 787 467 0
E 467 787 0
E 558 88 0
E 88 558 0
E 88 558 0
E 558 88 0
E 205 1044 0
E 1044 205 0
E 1044 205 0
E 205 1044 0
E 939 13 0
E 13 939 0
E 13 939 0
E 939 13 0
E 1022 355 0
E 355 1022 0
E 355 1022 0
E 1022 355 0
E 149 662 0
E 662 149 0
E 662 149 0
E 149 662 0
E 4 751 0
E 751 4 0
E 751 4 0
E 4 751 0
E 455 371 0
E 371 455 0
E 371 455 0
E 455 371 0
E 851 1052 0
E 851 879 0
E 879 851 0
E 1052 851 0
E 1052 879 0
E 879 1052 0
E 879 851 0
E 879 1052 0
E 1052 879 0
E 360 552 0
E 552 360 0
E 552 360 0
E 360 552 0
E 974 173 0
E 173 974 0
E 173 974 0
E 974 173 0
E 408 867 0
E 867 408 0
E 867 408 0
E 408 867 0
E 909 21 0
E 909 268 0
E 21 909 0
E 21 909 0
E 21 268 0
E 268 21 0
E 268 909 0
E 268 21 0
E 21 268 0
E 1001 560 0
E 560 1001 0
E 560 1001 0
E 1001 560 0
E 733 947 0
E 947 733 0
E 947 733 0
E 733 947 0
E 143 889 0
E 889 143 0
E 889 143 0
E 143 889 0
E 126 650 0
E 650 126 0
E 650 126 0
E 126 650 0
E 544 431 0
E 431 544 0
E 431 544 0
E 544 431 0
E 1007 915 0
E 915 1007 0
E 915 1007 0
E 1007 915 0
E 661 336 0
E 336 661 0
E 336 661 0
E 661 336 0
E 887 528 0
E 528 887 0
E 528 887 0
E 887 528 0
E 476 32 0
E 32 476 0
E 32 476 0
E 476 32 0
E 1076 917 0
E 917 1076 0
E 917 1076 0
E 1076 917 0
E 36 438 0
E 438 36 0
E 438 36 0
E 36 438 0
E 763 269 0
E 269 763 0
E 269 763 0
E 763 269 0
E 698 1086 0
E 1086 698 0
E 1086 698 0
E 698 1086 0
E 766 129 0
E 129 766 0
E 129 766 0
E 766 129 0
E 377 1094 0
E 1094 377 0
E 1094 377 0
E 377 1094 0
E 263 421 0
E 421 263 0
E 421 263 0
E 263 421 0
E 271 956 0
E 956 271 0
E 956 271 0
E 271 956 0
E 346 370 0
E 370 346 0
E 370 346 0
E 346 370 0
E 745 365 0
E 365 745 0
E 365 745 0
E 745 365 0
E 742 444 0
E 444 742 0
E 444 742 0
E 742 444 0
E 754 601 0
E 754 203 0
E 601 754 0
E 601 754 0
E 601 203 0
E 754 601 0
E 203 754 0
E 203 601 0
E 754 203 0
E 1045 1038 0
E 1038 1045 0
E 1038 1045 0
E 1045 1038 0
E 475 462 0
E 462 475 0
E 462 475 0
E 475 462 0
E 821 883 0
E 883 821 0
E 883 821 0
E 821 883 0
E 911 330 0
E 330 911 0
E 330 911 0
E 911 330 0
E 43 815 0
E 815 43 0
E 815 43 0
E 43 815 0
E 309 354 0
E 309 10 0
E 934 456 0
E 527 395 0
E 506 393 0
E 506 381 0
E 358 40 0
E 358 835 0
E 966 957 0
E 966 325 0
E 968 676 0
E 968 256 0
E 468 0 0
E 468 1040 0
E 321 720 0
E 321 1026 0
E 272 741 0
E 272 184 0
E 997 1018 0
E 997 66 0
E 180 803 0
E 180 908 0
E 607 0 0
E 607 804 0
E 705 547 0
E 289 675 0
E 734 854 0
E 734 775 0
E 1 329 0
E 1 901 0
E 1019 985 0
E 1019 911 0
E 791 792 0
E 791 931 0
E 68 112 0
E 68 391 0
E 853 858 0
E 853 695 0
E 833 868 0
E 833 391 0
E 571 71 0
E 571 972 0
E 981 274 0
E 981 922 0
E 1002 69 0
E 1002 316 0
E 1056 214 0
E 1056 743 0
E 3 714 0
E 894 832 0
E 135 412 0
E 135 624 0
E 618 749 0
E 618 315 0
E 512 520 0
E 497 1065 0
E 442 492 0
E 442 992 0
E 819 456 0
E 819 921 0
E 771 31 0
E 771 150 0
E 972 121 0
E 500 531 0
E 864 534 0
E 864 976 0
E 119 799 0
E 119 365 0
E 511 207 0
E 511 642 0
E 834 461 0
E 834 151 0
E 419 446 0
E 419 42 0
E 44 288 0
E 44 727 0
E 291 32 0
E 291 709 0
E 399 219 0
E 399 505 0
E 313 352 0
E 313 343 0
E 847 126 0
E 847 108 0
E 259 733 0
E 259 546 0
E 752 285 0
E 752 80 0
E 292 521 0
E 185 227 0
E 373 792 0
E 373 932 0
E 49 845 0
E 49 859 0
E 670 881 0
E 670 824 0
E 922 983 0
E 922 823 0
E 841 684 0
E 841 1046 0
E 1067 595 0
E 1067 416 0
E 533 216 0
E 533 164 0
E 74 523 0
E 74 354 0
E 731 1032 0
E 731 975 0
E 47 258 0
E 47 917 0
E 1003 628 0
E 1003 651 0
E 311 77 0
E 311 139 0
E 996 390 0
E 996 50 0
E 325 60 0
E 325 522 0
E 380 29 0
E 380 91 0
E 62 307 0
E 62 239 0
E 1089 409 0
E 1089 737 0
E 152 386 0
E 152 165 0
E 287 453 0
E 624 430 0
E 808 927 0
E 808 437 0
E 584 317 0
E 584 804 0
E 147 563 0
E 567 579 0
E 141 762 0
E 141 646 0
E 1006 908 0
E 1006 628 0
E 356 786 0
E 356 288 0
E 204 812 0
E 204 561 0
E 663 126 0
E 663 206 0
E 871 35 0
E 871 1014 0
E 726 294 0
E 973 248 0
E 518 128 0
E 275 536 0
E 860 875 0
E 860 920 0
E 473 898 0
E 816 753 0
E 772 215 0
E 772 711 0
E 505 201 0
E 505 73 0
E 710 815 0
E 710 63 0
E 1005 467 0
E 843 642 0
E 24 844 0
E 463 304 0
E 686 350 0
E 686 467 0
E 678 225 0
E 678 913 0
E 598 467 0
E 598 1085 0
E 865 862 0
E 381 1017 0
E 250 950 0
E 250 484 0
E 388 384 0
E 388 560 0
E 586 804 0
E 384 623 0
E 1059 189 0
E 1059 398 0
E 799 767 0
E 799 255 0
E 706 661 0
E 706 946 0
E 688 802 0
E 688 200 0
E 174 60 0
E 174 489 0
E 635 832 0
E 635 812 0
E 45 596 0
E 45 576 0
E 343 1075 0
E 343 465 0
E 478 377 0
E 210 103 0
E 79 262 0
E 79 952 0
E 340 994 0
E 340 1068 0
E 529 297 0
E 529 908 0
E 946 233 0
E 946 578 0
E 231 942 0
E 231 224 0
E 807 73 0
E 807 366 0
E 453 516 0
E 453 673 0
E 647 844 0
E 647 0 0
E 561 5 0
E 561 554 0
E 643 900 0
E 643 369 0
E 27 824 0
E 27 339 0
E 54 249 0
E 54 651 0
E 335 122 0
E 504 908 0
E 400 303 0
E 400 556 0
E 1055 1082 0
E 1055 538 0
E 429 1063 0
E 429 837 0
E 128 863 0
E 128 992 0
E 805 51 0
E 805 750 0
E 789 233 0
E 789 708 0
E 406 207 0
E 406 520 0
E 57 214 0
E 849 762 0
E 885 288 0
E 885 521 0
E 755 357 0
E 87 392 0
E 238 852 0
E 238 536 0
E 12 878 0
E 12 20 0
E 718 339 0
E 718 832 0
E 341 732 0
E 341 606 0
E 28 765 0
E 28 719 0
E 715 310 0
E 715 187 0
E 233 316 0
E 233 1079 0
E 471 472 0
E 471 377 0
E 382 144 0
E 382 1033 0
E 37 237 0
E 328 93 0
E 620 89 0
E 620 65 0
E 990 625 0
E 990 970 0
E 1074 1020 0
E 550 580 0
E 350 36 0
E 608 331 0
E 298 923 0
E 298 104 0
E 295 839 0
E 295 202 0
E 839 501 0
E 839 409 0
E 197 554 0
E 479 5 0
E 150 241 0
E 150 246 0
E 555 785 0
E 555 978 0
E 474 1060 0
E 474 814 0
E 484 36 0
E 563 1020 0
E 682 286 0
E 682 684 0
E 423 684 0
E 423 391 0
E 593 425 0
E 593 187 0
E 270 982 0
E 270 282 0
E 640 56 0
E 640 178 0
E 132 1025 0
E 132 714 0
E 697 179 0
E 697 307 0
E 882 269 0
E 882 1027 0
E 48 626 0
E 48 600 0
E 229 759 0
E 99 165 0
E 720 1054 0
E 720 5 0
E 859 815 0
E 859 475 0
E 260 674 0
E 260 957 0
E 784 177 0
E 784 472 0
E 288 729 0
E 288 454 0
E 673 361 0
E 673 84 0
E 1024 78 0
E 1024 58 0
E 919 1077 0
E 919 616 0
E 1071 422 0
E 913 460 0
E 78 301 0
E 78 510 0
E 943 36 0
E 943 949 0
E 1028 498 0
E 1028 788 0
E 1049 554 0
E 1049 418 0
E 498 851 0
E 498 424 0
E 654 817 0
E 654 404 0
E 196 747 0
E 196 1031 0
E 976 187 0
E 976 614 0
E 1026 430 0
E 1026 305 0
E 910 769 0
E 910 646 0
E 266 398 0
E 266 206 0
E 986 1014 0
E 986 917 0
E 6 926 0
E 6 447 0
E 929 1034 0
E 929 775 0
E 265 1045 0
E 265 1042 0
E 798 564 0
E 798 274 0
E 481 888 0
E 481 254 0
E 668 39 0
E 668 957 0
E 172 1032 0
E 172 614 0
E 281 81 0
E 509 829 0
E 1057 1014 0
E 1057 464 0
E 722 427 0
E 722 926 0
E 656 1063 0
E 452 1075 0
E 824 577 0
E 824 613 0
E 1012 587 0
E 1012 58 0
E 457 998 0
E 457 897 0
E 1058 1027 0
E 1058 930 0
E 42 30 0
E 42 950 0
E 630 40 0
E 630 556 0
E 776 513 0
E 776 131 0
E 866 230 0
E 866 220 0
E 1010 698 0
E 1010 581 0
E 7 503 0
E 7 19 0
E 29 237 0
E 645 605 0
E 447 788 0
E 447 836 0
E 695 530 0
E 695 931 0
E 376 1040 0
E 376 1013 0
E 617 684 0
E 648 1014 0
E 958 426 0
E 958 878 0
E 600 218 0
E 600 759 0
E 276 523 0
E 276 67 0
E 604 344 0
E 604 562 0
E 802 489 0
E 802 228 0
E 534 510 0
E 534 655 0
E 332 1043 0
E 332 1046 0
E 64 33 0
E 64 878 0
E 412 188 0
E 412 389 0
E 10 740 0
E 10 224 0
E 684 1075 0
E 684 264 0
E 591 492 0
E 591 546 0
E 520 351 0
E 520 102 0
E 242 857 0
E 242 405 0
E 441 564 0
E 441 558 0
E 809 694 0
E 296 465 0
E 148 939 0
E 644 208 0
E 513 930 0
E 513 127 0
E 978 1042 0
E 677 440 0
E 578 779 0
E 578 788 0
E 424 660 0
E 424 300 0
E 160 18 0
E 160 159 0
E 995 221 0
E 995 278 0
E 583 792 0
E 583 804 0
E 20 280 0
E 20 189 0
E 81 615 0
E 81 623 0
E 1037 304 0
E 359 487 0
E 125 862 0
E 125 957 0
E 124 1088 0
E 124 1044 0
E 284 273 0
E 284 1000 0
E 407 634 0
E 936 16 0
E 924 1053 0
E 924 1079 0
E 379 414 0
E 379 1075 0
E 60 491 0
E 60 739 0
E 1048 980 0
E 1048 564 0
E 592 322 0
E 1078 413 0
E 984 625 0
E 984 568 0
E 588 1062 0
E 450 202 0
E 719 1000 0
E 719 418 0
E 366 320 0
E 366 1069 0
E 525 53 0
E 525 1080 0
E 323 120 0
E 323 72 0
E 749 761 0
E 749 97 0
E 178 493 0
E 178 683 0
E 574 756 0
E 574 370 0
E 307 590 0
E 307 948 0
E 875 665 0
E 875 166 0
E 52 378 0
E 52 927 0
E 404 565 0
E 404 1007 0
E 437 810 0
E 437 683 0
E 487 623 0
E 487 490 0
E 1065 923 0
E 1065 661 0
E 898 241 0
E 898 93 0
E 301 122 0
E 301 906 0
E 702 1023 0
E 702 151 0
E 200 895 0
E 621 241 0
E 159 1035 0
E 159 1043 0
E 828 580 0
E 828 230 0
E 769 351 0
E 769 116 0
E 952 780 0
E 952 531 0
E 53 521 0
E 53 482 0
E 564 227 0
E 564 655 0
E 5 67 0
E 5 26 0
E 208 519 0
E 208 767 0
E 163 925 0
E 163 483 0
E 785 38 0
E 277 665 0
E 750 577 0
E 750 427 0
E 576 899 0
E 576 582 0
E 975 1062 0
E 975 1046 0
E 612 322 0
E 612 544 0
E 842 443 0
E 868 579 0
E 737 999 0
E 737 758 0
E 492 164 0
E 492 628 0
E 516 1014 0
E 516 456 0
E 774 907 0
E 774 206 0
E 926 154 0
E 721 454 0
E 820 194 0
E 820 392 0
E 134 905 0
E 134 666 0
E 536 354 0
E 536 878 0
E 782 526 0
E 782 451 0
E 264 961 0
E 264 337 0
E 485 129 0
E 485 826 0
E 709 445 0
E 234 496 0
E 235 577 0
E 235 960 0
E 1046 430 0
E 1046 858 0
E 464 106 0
E 464 1069 0
E 214 817 0
E 214 786 0
E 90 34 0
E 90 896 0
E 273 961 0
E 273 962 0
E 794 711 0
E 486 127 0
E 22 1088 0
E 22 206 0
E 888 362 0
E 888 585 0
E 728 779 0
E 728 408 0
E 884 93 0
E 884 857 0
E 246 490 0
E 246 933 0
E 1053 701 0
E 1053 67 0
E 577 877 0
E 577 503 0
E 532 543 0
E 532 768 0
E 414 445 0
E 414 433 0
E 735 878 0
E 735 778 0
E 252 867 0
E 252 182 0
E 553 595 0
E 553 91 0
E 1068 75 0
E 1068 46 0
E 890 102 0
E 890 367 0
E 671 717 0
E 671 436 0
E 120 660 0
E 120 877 0
E 633 806 0
E 267 1031 0
E 1092 521 0
E 904 573 0
E 856 544 0
E 856 616 0
E 1080 629 0
E 1080 691 0
E 932 1090 0
E 932 187 0
E 85 228 0
E 85 680 0
E 451 930 0
E 451 2 0
E 344 614 0
E 344 193 0
E 38 977 0
E 38 496 0
E 812 61 0
E 812 1085 0
E 761 445 0
E 761 226 0
E 1033 689 0
E 1033 1050 0
E 730 703 0
E 730 80 0
E 945 67 0
E 945 628 0
E 1072 521 0
E 1072 433 0
E 254 0 0
E 254 503 0
E 679 402 0
E 679 444 0
E 237 568 0
E 237 1023 0
E 895 788 0
E 987 546 0
E 391 844 0
E 391 278 0
E 779 1015 0
E 779 814 0
E 286 874 0
E 286 306 0
E 144 76 0
E 144 1061 0
E 923 491 0
E 923 239 0
E 290 269 0
E 797 409 0
E 918 880 0
E 846 827 0
E 257 431 0
E 823 651 0
E 228 962 0
E 228 547 0
E 285 949 0
E 285 16 0
E 1051 756 0
E 1051 405 0
E 636 310 0
E 891 994 0
E 517 602 0
E 524 114 0
E 312 1032 0
E 312 411 0
E 519 11 0
E 519 905 0
E 282 353 0
E 282 886 0
E 832 491 0
E 832 367 0
E 914 227 0
E 914 783 0
E 454 908 0
E 454 883 0
E 189 880 0
E 189 462 0
E 985 207 0
E 940 762 0
E 817 877 0
E 817 803 0
E 813 129 0
E 813 427 0
E 1085 803 0
E 1085 34 0
E 800 931 0
E 458 149 0
E 696 494 0
E 696 815 0
E 349 707 0
E 349 34 0
E 649 445 0
E 649 137 0
E 739 781 0
E 739 50 0
E 1009 403 0
E 1009 86 0
E 724 792 0
E 724 102 0
E 685 947 0
E 15 830 0
E 613 616 0
E 613 974 0
E 232 850 0
E 232 830 0
E 348 483 0
E 348 445 0
E 357 610 0
E 357 35 0
E 255 51 0
E 255 114 0
E 145 170 0
E 145 103 0
E 239 514 0
E 239 279 0
E 334 109 0
E 334 353 0
E 136 603 0
E 872 389 0
E 31 1083 0
E 959 974 0
E 935 580 0
E 935 327 0
E 324 297 0
E 324 723 0
E 494 477 0
E 494 1061 0
E 432 360 0
E 432 811 0
E 117 609 0
E 117 814 0
E 551 114 0
E 551 530 0
E 111 760 0
E 111 490 0
E 507 1087 0
E 507 634 0
E 777 746 0
E 508 303 0
E 599 543 0
E 599 112 0
E 363 704 0
E 363 140 0
E 460 780 0
E 460 70 0
E 949 674 0
E 949 1084 0
E 331 401 0
E 331 251 0
E 415 297 0
E 415 1021 0
E 585 690 0
E 585 205 0
E 1079 558 0
E 1079 764 0
E 495 756 0
E 495 908 0
E 957 766 0
E 957 999 0
E 672 191 0
E 672 740 0
E 202 216 0
E 202 121 0
E 164 928 0
E 164 650 0
E 714 488 0
E 714 768 0
E 190 1086 0
E 469 597 0
E 562 747 0
E 562 179 0
E 220 575 0
E 122 213 0
E 449 961 0
E 449 892 0
E 992 974 0
E 992 456 0
E 212 818 0
E 212 927 0
E 477 1061 0
E 477 829 0
E 703 222 0
E 703 595 0
E 838 113 0
E 838 862 0
E 114 760 0
E 114 614 0
E 1020 1014 0
E 1020 826 0
E 227 521 0
E 227 963 0
E 811 1036 0
E 811 970 0
E 395 565 0
E 783 775 0
E 700 582 0
E 146 768 0
E 765 901 0
E 765 339 0
E 316 614 0
E 316 421 0
E 1040 302 0
E 30 848 0
E 223 153 0
E 223 179 0
E 850 247 0
E 850 746 0
E 725 109 0
E 725 467 0
E 845 383 0
E 845 757 0
E 602 560 0
E 602 106 0
E 537 1029 0
E 77 70 0
E 993 394 0
E 993 107 0
E 830 1073 0
E 830 727 0
E 912 245 0
E 912 758 0
E 209 510 0
E 209 758 0
E 439 501 0
E 439 2 0
E 569 383 0
E 168 530 0
E 251 1039 0
E 251 1045 0
E 327 879 0
E 279 708 0
E 515 522 0
E 25 951 0
E 928 931 0
E 928 729 0
E 861 355 0
E 861 650 0
E 187 538 0
E 187 71 0
E 897 1035 0
E 554 827 0
E 873 1001 0
E 873 169 0
E 329 360 0
E 329 371 0
E 1032 34 0
E 1032 314 0
E 1013 528 0
E 1013 967 0
E 222 638 0
E 222 154 0
E 611 105 0
E 557 831 0
E 466 386 0
E 198 206 0
E 56 58 0
E 56 304 0
E 352 1008 0
E 352 879 0
E 886 669 0
E 886 66 0
E 660 869 0
E 660 1001 0
E 71 398 0
E 71 1083 0
E 89 852 0
E 880 305 0
E 188 674 0
E 215 165 0
E 619 723 0
E 619 544 0
E 556 768 0
E 392 151 0
E 547 589 0
E 547 249 0
E 690 347 0
E 690 732 0
E 491 140 0
E 491 138 0
E 991 203 0
E 991 1017 0
E 76 445 0
E 76 333 0
E 416 938 0
E 416 127 0
E 982 192 0
E 982 664 0
E 176 971 0
E 176 760 0
E 971 95 0
E 971 428 0
E 426 413 0
E 33 874 0
E 738 191 0
E 738 314 0
E 73 625 0
E 73 97 0
E 1034 1066 0
E 1034 102 0
E 775 201 0
E 775 681 0
E 11 398 0
E 11 941 0
E 402 597 0
E 402 137 0
E 1054 917 0
E 1054 546 0
E 83 626 0
E 83 59 0
E 35 803 0
E 35 939 0
E 303 666 0
E 303 759 0
E 127 927 0
E 127 201 0
E 899 315 0
E 55 778 0
E 1030 806 0
E 1030 496 0
E 405 1060 0
E 405 1066 0
E 299 4 0
E 299 814 0
E 139 326 0
E 139 50 0
E 157 858 0
E 390 810 0
E 92 933 0
E 92 199 0
E 548 225 0
E 548 194 0
E 881 698 0
E 881 938 0
E 110 969 0
E 110 418 0
E 105 653 0
E 105 717 0
E 967 140 0
E 967 130 0
E 652 472 0
E 652 854 0
E 225 854 0
E 225 305 0
E 170 131 0
E 170 26 0
E 908 230 0
E 908 337 0
E 483 1088 0
E 50 293 0
E 374 34 0
E 374 661 0
E 362 428 0
E 362 184 0
E 411 80 0
E 411 793 0
E 293 639 0
E 293 143 0
E 318 278 0
E 318 634 0
E 701 389 0
E 701 538 0
E 240 480 0
E 240 221 0
E 116 19 0
E 746 361 0
E 1041 195 0
E 1041 741 0
E 818 1075 0
E 818 482 0
E 542 67 0
E 542 445 0
E 523 1094 0
E 523 522 0
E 603 1093 0
E 603 401 0
E 605 901 0
E 605 158 0
E 387 759 0
E 387 530 0
E 526 397 0
E 526 8 0
E 921 658 0
E 921 911 0
E 490 397 0
E 490 1086 0
E 657 622 0
E 657 614 0
E 95 217 0
E 95 625 0
E 112 434 0
E 112 1021 0
E 773 970 0
E 773 874 0
E 17 256 0
E 17 194 0
E 182 421 0
E 182 558 0
E 385 433 0
E 385 417 0
E 764 1039 0
E 764 425 0
E 319 244 0
E 1031 1021 0
E 582 249 0
E 582 810 0
E 305 433 0
E 305 417 0
E 653 140 0
E 653 680 0
E 80 625 0
E 80 199 0
E 595 723 0
E 595 770 0
E 844 455 0
E 844 727 0
E 118 201 0
E 118 659 0
E 397 528 0
E 397 560 0
E 689 691 0
E 689 544 0
E 137 337 0
E 137 274 0
E 409 179 0
E 409 472 0
E 433 130 0
E 433 707 0
E 907 0 0
E 907 465 0
E 75 717 0
E 75 247 0
E 568 1062 0
E 568 65 0
E 625 162 0
E 625 456 0
E 664 1094 0
E 664 184 0
E 747 446 0
E 1036 67 0
E 1083 768 0
E 1083 493 0
E 46 829 0
E 46 691 0
E 280 1043 0
E 280 82 0
E 767 998 0
E 767 803 0
E 589 615 0
E 589 863 0
E 121 674 0
E 121 383 0
E 217 129 0
E 217 300 0
E 538 535 0
E 538 970 0
E 91 804 0
E 372 386 0
E 628 369 0
E 628 566 0
E 573 462 0
E 573 445 0
E 796 106 0
E 796 999 0
E 546 1042 0
E 546 704 0
E 622 13 0
E 622 938 0
E 342 322 0
E 342 892 0
E 315 108 0
E 315 964 0
E 34 337 0
E 34 143 0
E 63 248 0
E 63 1060 0
E 541 590 0
E 541 434 0
E 641 161 0
E 641 177 0
E 793 194 0
E 793 274 0
E 535 514 0
E 535 941 0
E 530 947 0
E 530 780 0
E 748 66 0
E 748 488 0
E 1035 852 0
E 1035 826 0
E 857 675 0
E 857 241 0
E 953 1077 0
E 953 191 0
E 169 339 0
E 169 480 0
E 113 836 0
E 113 770 0
E 302 193 0
E 302 925 0
E 989 804 0
E 989 980 0
E 375 427 0
E 375 1029 0
E 878 510 0
E 878 543 0
E 596 326 0
E 596 615 0
E 858 236 0
E 858 501 0
E 950 337 0
E 950 531 0
E 418 58 0
E 418 609 0
E 615 579 0
E 615 351 0
E 166 597 0
E 103 310 0
E 503 1014 0
E 503 869 0
E 756 708 0
E 756 386 0
E 801 434 0
E 801 1000 0
E 994 13 0
E 994 97 0
E 1082 98 0
E 1082 760 0
E 183 1039 0
E 183 869 0
E 680 646 0
E 680 274 0
E 401 102 0
E 401 1077 0
E 191 587 0
E 191 158 0
E 499 245 0
E 499 427 0
E 1073 393 0
E 1073 581 0
E 1017 258 0
E 1017 829 0
E 906 961 0
E 906 367 0
E 675 408 0
E 675 249 0
E 903 247 0
E 903 496 0
E 199 869 0
E 199 743 0
E 658 826 0
E 236 917 0
E 430 130 0
E 430 590 0
E 1021 226 0
E 1021 969 0
E 93 665 0
E 1091 361 0
E 138 262 0
E 659 1069 0
E 781 361 0
E 781 549 0
E 175 243 0
E 175 58 0
E 243 683 0
E 243 960 0
E 306 572 0
E 306 727 0
E 361 744 0
E 361 108 0
E 186 974 0
E 186 108 0
E 219 360 0
E 219 786 0
E 723 851 0
E 723 245 0
E 1060 322 0
E 1060 417 0
E 248 1063 0
E 248 566 0
E 854 963 0
E 854 304 0
E 108 676 0
E 108 911 0
E 109 740 0
E 109 58 0
E 683 744 0
E 683 655 0
E 565 631 0
E 565 521 0
E 177 425 0
E 177 900 0
E 493 165 0
E 493 852 0
E 655 262 0
E 655 496 0
E 626 815 0
E 626 579 0
E 863 278 0
E 863 241 0
E 822 837 0
E 822 877 0
E 614 262 0
E 614 130 0
E 831 126 0
E 831 444 0
E 970 778 0
E 970 1062 0
E 211 851 0
E 977 889 0
E 606 760 0
E 8 470 0
E 979 370 0
E 944 980 0
E 297 639 0
E 297 826 0
E 417 403 0
E 417 740 0
E 616 740 0
E 192 154 0
E 941 969 0
E 941 792 0
E 829 133 0
E 925 651 0
E 862 900 0
E 862 129 0
E 19 528 0
E 19 261 0
E 489 768 0
E 489 753 0
E 1069 249 0
E 1069 377 0
E 427 669 0
E 427 770 0
E 151 1025 0
E 151 597 0
E 963 804 0
E 963 948 0
E 440 40 0
E 440 915 0
E 1062 403 0
E 1062 892 0
E 786 729 0
E 795 65 0
E 1025 133 0
E 1025 744 0
E 1018 346 0
E 1018 1038 0
E 788 826 0
E 788 278 0
E 727 501 0
E 727 998 0
E 699 676 0
E 699 179 0
E 610 258 0
E 610 915 0
E 194 104 0
E 194 322 0
E 393 531 0
E 97 206 0
E 804 1007 0
E 804 762 0
E 249 336 0
E 249 339 0
E 59 422 0
E 631 741 0
E 353 1087 0
E 836 23 0
E 224 704 0
E 224 999 0
E 308 917 0
E 308 1027 0
E 597 740 0
E 597 241 0
E 905 780 0
E 905 269 0
E 101 778 0
E 101 278 0
E 434 1000 0
E 434 676 0
E 651 1064 0
E 651 869 0
E 1084 980 0
E 1084 883 0
E 1027 195 0
E 930 751 0
E 161 256 0
E 572 241 0
E 226 531 0
E 226 634 0
E 201 140 0
E 201 422 0
E 179 443 0
E 179 482 0
E 278 310 0
E 278 1045 0
E 40 778 0
E 40 521 0
E 810 704 0
E 810 218 0
E 304 869 0
E 304 879 0
E 740 131 0
E 740 741 0
E 870 129 0
E 870 326 0
E 310 158 0
E 310 988 0
E 396 67 0
E 396 543 0
E 1039 1090 0
E 1039 445 0
E 1050 86 0
E 1050 326 0
E 948 195 0
E 948 465 0
E 482 459 0
E 482 623 0
E 674 480 0
E 674 0 0
E 1093 216 0
E 1093 330 0
E 1043 704 0
E 1043 646 0
E 86 758 0
E 86 58 0
E 575 274 0
E 575 852 0
E 960 131 0
E 960 107 0
E 66 133 0
E 66 1015 0
E 787 218 0
E 787 780 0
E 707 717 0
E 707 877 0
E 877 915 0
E 877 581 0
E 88 698 0
E 558 778 0
E 205 98 0
E 1044 244 0
E 790 247 0
E 790 732 0
E 383 32 0
E 383 759 0
E 13 900 0
E 13 938 0
E 609 336 0
E 609 1087 0
E 988 729 0
E 988 1038 0
E 543 712 0
E 543 698 0
E 133 322 0
E 133 365 0
E 803 521 0
E 803 704 0
E 443 827 0
E 443 566 0
E 230 1001 0
E 230 261 0
E 244 814 0
E 244 206 0
E 1022 848 0
E 355 456 0
E 398 848 0
E 398 669 0
E 852 580 0
E 852 322 0
E 218 107 0
E 218 729 0
E 590 408 0
E 590 480 0
E 213 58 0
E 213 669 0
E 662 1086 0
E 662 826 0
E 67 770 0
E 67 462 0
E 792 874 0
E 792 496 0
E 998 757 0
E 998 999 0
E 1000 351 0
E 1000 431 0
E 639 531 0
E 639 465 0
E 154 195 0
E 154 712 0
E 347 413 0
E 347 729 0
E 931 448 0
E 931 389 0
E 445 974 0
E 445 629 0
E 848 131 0
E 848 0 0
E 4 806 0
E 4 337 0
E 371 1038 0
E 455 942 0
E 646 999 0
E 646 770 0
E 559 732 0
E 559 195 0
E 130 560 0
E 130 708 0
E 708 1061 0
E 708 729 0
E 744 757 0
E 744 874 0
E 522 26 0
E 522 1038 0
E 216 581 0
E 216 271 0
E 158 759 0
E 158 126 0
E 964 1088 0
E 964 917 0
E 206 539 0
E 206 1077 0
E 514 337 0
E 514 1094 0
E 413 195 0
E 413 942 0
E 351 1042 0
E 351 758 0
E 814 354 0
E 814 927 0
E 851 521 0
E 1052 887 0
E 480 326 0
E 480 1088 0
E 300 58 0
E 300 753 0
E 1061 956 0
E 1061 472 0
E 496 623 0
E 496 745 0
E 780 274 0
E 780 488 0
E 770 32 0
E 770 1008 0
E 102 665 0
E 102 1045 0
E 472 938 0
E 472 869 0
E 0 367 0
E 0 1076 0
E 314 711 0
E 314 717 0
E 378 915 0
E 378 360 0
E 552 326 0
E 552 446 0
E 465 1063 0
E 465 874 0
E 961 1014 0
E 961 446 0
E 256 901 0
E 256 367 0
E 1064 528 0
E 1064 867 0
E 262 669 0
E 262 753 0
E 712 587 0
E 712 203 0
E 339 601 0
E 339 623 0
E 173 869 0
E 974 58 0
E 741 263 0
E 741 732 0
E 999 403 0
E 999 330 0
E 261 1066 0
E 261 389 0
E 408 826 0
E 867 1008 0
E 268 1086 0
E 268 1087 0
E 140 269 0
E 140 947 0
E 806 369 0
E 806 470 0
E 422 531 0
E 422 629 0
E 732 23 0
E 732 962 0
E 729 129 0
E 729 642 0
E 704 129 0
E 704 370 0
E 758 587 0
E 758 1023 0
E 768 1087 0
E 768 23 0
E 98 528 0
E 98 942 0
E 869 760 0
E 869 23 0
E 778 51 0
E 778 757 0
E 837 263 0
E 837 927 0
E 1063 203 0
E 1063 762 0
E 1001 51 0
E 560 762 0
E 942 58 0
E 942 403 0
E 167 58 0
E 167 258 0
E 436 193 0
E 436 274 0
E 1008 887 0
E 1008 927 0
E 642 1014 0
E 642 566 0
E 58 65 0
E 58 193 0
E 962 475 0
E 962 369 0
E 1090 403 0
E 1090 367 0
E 51 475 0
E 51 1075 0
E 258 892 0
E 258 386 0
E 733 221 0
E 733 320 0
E 1088 892 0
E 1088 322 0
E 367 26 0
E 367 36 0
E 143 369 0
E 889 666 0
E 650 1094 0
E 650 444 0
E 760 326 0
E 760 446 0
E 403 1015 0
E 403 927 0
E 938 65 0
E 938 320 0
E 581 294 0
E 581 900 0
E 431 1045 0
E 544 1066 0
E 539 1015 0
E 539 531 0
E 900 448 0
E 900 274 0
E 1007 763 0
E 1007 1014 0
E 488 826 0
E 488 107 0
E 711 587 0
E 711 107 0
E 107 294 0
E 107 462 0
E 184 421 0
E 184 745 0
E 969 566 0
E 969 43 0
E 195 294 0
E 195 1015 0
E 826 623 0
E 826 470 0
E 901 369 0
E 901 579 0
E 623 131 0
E 623 421 0
E 743 566 0
E 743 129 0
E 980 337 0
E 980 336 0
E 23 766 0
E 23 1014 0
E 386 579 0
E 386 762 0
E 336 531 0
E 336 580 0
E 887 742 0
E 887 634 0
E 951 1075 0
E 951 320 0
E 634 759 0
E 634 676 0
E 827 1029 0
E 827 601 0
E 753 72 0
E 753 193 0
E 72 927 0
E 72 1029 0
E 32 389 0
E 476 36 0
E 665 1014 0
E 665 669 0
E 666 1075 0
E 666 717 0
E 531 330 0
E 531 510 0
E 165 566 0
E 165 470 0
E 669 365 0
E 669 65 0
E 587 1075 0
E 587 1087 0
E 927 759 0
E 927 65 0
E 759 1077 0
E 759 1029 0
E 1015 742 0
E 1015 470 0
E 1076 762 0
E 917 446 0
E 104 245 0
E 104 369 0
E 82 193 0
E 82 245 0
E 247 369 0
E 247 36 0
E 36 241 0
E 438 629 0
E 448 129 0
E 448 337 0
E 1075 470 0
E 1075 521 0
E 757 601 0
E 757 131 0
E 1077 26 0
E 1077 330 0
E 629 717 0
E 629 1023 0
E 322 65 0
E 322 131 0
E 269 462 0
E 269 501 0
E 566 579 0
E 566 274 0
E 274 698 0
E 274 241 0
E 389 65 0
E 389 421 0
E 1066 766 0
E 1066 676 0
E 294 462 0
E 294 245 0
E 1086 369 0
E 698 676 0
E 26 421 0
E 26 580 0
E 766 911 0
E 129 365 0
E 320 501 0
E 320 428 0
E 1014 241 0
E 1014 510 0
E 874 421 0
E 874 762 0
E 1029 326 0
E 1029 425 0
E 354 131 0
E 354 745 0
E 1042 1023 0
E 1042 446 0
E 326 462 0
E 326 369 0
E 369 815 0
E 369 346 0
E 425 580 0
E 425 131 0
E 377 475 0
E 1094 501 0
E 717 271 0
E 717 762 0
E 762 421 0
E 762 337 0
E 263 580 0
E 263 65 0
E 580 501 0
E 580 883 0
E 65 346 0
E 65 456 0
E 956 501 0
E 956 475 0
E 579 221 0
E 579 43 0
E 241 330 0
E 241 245 0
E 221 456 0
E 221 330 0
E 501 815 0
E 501 193 0
E 1023 510 0
E 1023 1087 0
E 193 456 0
E 193 337 0
E 245 456 0
E 245 462 0
E 346 1087 0
E 346 510 0
E 131 892 0
E 131 883 0
E 365 892 0
E 745 43 0
E 444 676 0
E 444 1038 0
E 470 676 0
E 470 43 0
E 1087 337 0
E 1087 330 0
E 337 676 0
E 337 330 0
E 521 428 0
E 521 1045 0
E 456 475 0
E 456 892 0
E 754 911 0
E 754 446 0
E 446 911 0
E 446 510 0
E 1045 892 0
E 1045 510 0
E 475 911 0
E 462 428 0
E 428 330 0
E 428 676 0
E 883 510 0
E 821 911 0
E 892 510 0
E 892 676 0
E 911 676 0
E 330 676 0
E 510 676 0
E 510 815 0
E 676 43 0
E 676 815 0
