H 80 388 1
E 30 74 5
E 30 2 5
E 30 1 5
E 2 30 5
E 1 30 5
E 1 74 5
E 1 2 5
E 2 1 5
E 2 1 5
E 2 30 5
E 2 74 5
E 1 2 5
E 74 2 5
E 74 1 5
E 74 30 5
E 1 74 5
E 4 62 5
E 4 56 5
E 4 28 5
E 11 4 5
E 28 62 5
E 28 4 5
E 28 56 5
E 11 28 5
E 62 28 5
E 62 4 5
E 62 56 5
E 28 62 5
E 56 11 5
E 56 62 5
E 56 4 5
E 62 56 5
E 11 28 5
E 11 4 5
E 11 62 5
E 4 11 5
E 38 6 5
E 38 39 5
E 38 10 5
E 33 38 5
E 33 6 5
E 33 10 5
E 33 39 5
E 10 33 5
E 10 6 5
E 10 39 5
E 10 33 5
E 39 10 5
E 6 33 5
E 6 38 5
E 6 39 5
E 39 6 5
E 39 10 5
E 39 33 5
E 39 38 5
E 38 39 5
E 79 35 5
E 79 63 5
E 79 53 5
E 63 79 5
E 53 63 5
E 53 35 5
E 53 79 5
E 79 53 5
E 63 53 5
E 63 35 5
E 63 79 5
E 35 63 5
E 35 79 5
E 35 53 5
E 35 63 5
E 63 35 5
E 19 44 5
E 44 19 5
E 44 19 5
E 19 44 5
E 9 60 5
E 9 64 5
E 9 5 5
E 5 9 5
E 5 9 5
E 5 60 5
E 5 64 5
E 64 5 5
E 64 9 5
E 64 5 5
E 64 60 5
E 5 64 5
E 60 5 5
E 60 64 5
E 60 9 5
E 64 60 5
E 65 3 5
E 65 26 5
E 65 51 5
E 51 65 5
E 26 65 5
E 26 51 5
E 26 3 5
E 3 26 5
E 51 3 5
E 51 65 5
E 51 26 5
E 65 51 5
E 3 51 5
E 3 65 5
E 3 26 5
E 26 3 5
E 29 16 5
E 29 73 5
E 29 13 5
E 73 29 5
E 73 29 5
E 73 16 5
E 73 13 5
E 16 73 5
E 16 13 5
E 16 73 5
E 16 29 5
E 13 16 5
E 13 73 5
E 13 29 5
E 13 16 5
E 16 13 5
E 42 17 5
E 42 54 5
E 54 42 5
E 17 42 5
E 17 54 5
E 54 17 5
E 54 42 5
E 54 17 5
E 42 54 5
E 43 78 5
E 43 37 5
E 37 43 5
E 78 43 5
E 78 37 5
E 37 78 5
E 37 43 5
E 37 78 5
E 78 37 5
E 49 77 5
E 77 49 5
E 77 49 5
E 49 77 5
E 72 8 5
E 72 34 5
E 72 22 5
E 8 72 5
E 50 52 5
E 50 22 5
E 50 8 5
E 34 50 5
E 52 8 5
E 52 72 5
E 52 34 5
E 34 52 5
E 61 72 5
E 61 34 5
E 61 8 5
E 34 61 5
E 22 61 5
E 22 50 5
E 22 52 5
E 50 22 5
E 8 61 5
E 8 72 5
E 8 34 5
E 50 8 5
E 34 52 5
E 34 61 5
E 34 8 5
E 22 34 5
E 23 40 5
E 23 32 5
E 23 25 5
E 25 23 5
E 32 24 5
E 32 40 5
E 32 23 5
E 23 32 5
E 40 25 5
E 40 23 5
E 40 32 5
E 23 40 5
E 24 27 5
E 24 32 5
E 24 23 5
E 23 24 5
E 25 24 5
E 25 40 5
E 25 27 5
E 23 25 5
E 27 24 5
E 27 32 5
E 27 23 5
E 24 27 5
E 68 18 5
E 68 69 5
E 68 67 5
E 69 68 5
E 21 69 5
E 21 18 5
E 21 68 5
E 67 21 5
E 18 68 5
E 18 69 5
E 18 21 5
E 68 18 5
E 69 18 5
E 69 21 5
E 69 67 5
E 21 69 5
E 67 21 5
E 67 18 5
E 67 68 5
E 69 67 5
E 66 31 5
E 66 76 5
E 31 66 5
E 31 66 5
E 31 76 5
E 76 31 5
E 76 66 5
E 76 31 5
E 31 76 5
E 70 7 5
E 70 15 5
E 70 0 5
E 0 70 5
E 0 36 5
E 0 7 5
E 0 70 5
E 70 0 5
E 36 0 5
E 36 7 5
E 36 15 5
E 0 36 5
E 15 7 5
E 15 0 5
E 15 36 5
E 36 15 5
E 7 0 5
E 7 36 5
E 7 70 5
E 70 7 5
E 14 47 5
E 14 46 5
E 46 14 5
E 47 14 5
E 47 46 5
E 46 47 5
E 46 14 5
E 46 47 5
E 47 46 5
E 12 45 5
E 12 20 5
E 20 12 5
E 45 12 5
E 45 20 5
E 20 45 5
E 20 12 5
E 20 45 5
E 45 20 5
E 59 48 5
E 59 58 5
E 59 71 5
E 58 59 5
E 58 59 5
E 58 71 5
E 58 55 5
E 57 58 5
E 57 71 5
E 57 58 5
E 57 59 5
E 55 57 5
E 71 48 5
E 71 59 5
E 71 57 5
E 57 71 5
E 55 57 5
E 55 48 5
E 55 59 5
E 48 55 5
E 48 55 5
E 48 59 5
E 48 71 5
E 59 48 5
E 41 75 5
E 75 41 5
E 75 41 5
E 41 75 5
E 2 53 5
E 1 31 5
E 30 77 5
E 74 41 5
E 2 13 5
E 11 65 5
E 56 19 5
E 11 43 5
E 4 16 5
E 56 8 5
E 6 20 5
E 6 44 5
E 10 54 5
E 39 76 5
E 38 50 5
E 63 26 5
E 79 19 5
E 79 43 5
E 35 34 5
E 53 20 5
E 19 41 5
E 19 18 5
E 44 67 5
E 44 60 5
E 19 51 5
E 5 61 5
E 5 54 5
E 60 29 5
E 5 7 5
E 64 18 5
E 51 77 5
E 26 43 5
E 3 36 5
E 65 50 5
E 3 37 5
E 16 43 5
E 16 75 5
E 29 41 5
E 13 31 5
E 13 24 5
E 42 77 5
E 42 46 5
E 42 49 5
E 42 75 5
E 17 67 5
E 37 25 5
E 78 77 5
E 78 41 5
E 37 45 5
E 43 75 5
E 77 24 5
E 49 15 5
E 77 70 5
E 77 46 5
E 77 67 5
E 50 18 5
E 22 12 5
E 50 45 5
E 22 71 5
E 8 12 5
E 23 36 5
E 40 0 5
E 23 21 5
E 32 59 5
E 24 70 5
E 21 0 5
E 67 76 5
E 21 75 5
E 69 75 5
E 18 66 5
E 66 20 5
E 31 7 5
E 66 47 5
E 66 75 5
E 76 71 5
E 0 75 5
E 70 75 5
E 70 47 5
E 36 55 5
E 7 45 5
E 46 45 5
E 46 41 5
E 14 59 5
E 14 41 5
E 46 58 5
E 12 41 5
E 45 57 5
E 45 59 5
E 45 75 5
E 45 71 5
E 55 75 5
E 57 75 5
E 71 75 5
E 57 41 5
E 59 41 5
