H 70 340 1
E 47 34 5
E 47 65 5
E 47 6 5
E 6 47 5
E 65 6 5
E 65 47 5
E 65 34 5
E 47 65 5
E 6 47 5
E 6 34 5
E 6 65 5
E 34 6 5
E 34 65 5
E 34 47 5
E 34 6 5
E 65 34 5
E 45 17 5
E 45 63 5
E 45 33 5
E 63 45 5
E 17 33 5
E 17 45 5
E 17 63 5
E 63 17 5
E 63 45 5
E 63 17 5
E 63 33 5
E 45 63 5
E 33 17 5
E 33 45 5
E 33 63 5
E 63 33 5
E 52 31 5
E 52 19 5
E 52 41 5
E 14 52 5
E 14 31 5
E 14 19 5
E 14 52 5
E 19 14 5
E 41 14 5
E 41 52 5
E 41 19 5
E 19 41 5
E 31 19 5
E 31 41 5
E 31 52 5
E 14 31 5
E 19 52 5
E 19 41 5
E 19 31 5
E 41 19 5
E 40 61 5
E 61 40 5
E 61 40 5
E 40 61 5
E 50 18 5
E 50 10 5
E 18 50 5
E 18 50 5
E 18 10 5
E 10 18 5
E 10 50 5
E 10 18 5
E 18 10 5
E 51 23 5
E 23 51 5
E 23 51 5
E 51 23 5
E 69 16 5
E 69 7 5
E 16 69 5
E 16 69 5
E 16 7 5
E 69 16 5
E 7 69 5
E 7 16 5
E 69 7 5
E 42 32 5
E 42 29 5
E 42 39 5
E 39 42 5
E 32 29 5
E 32 42 5
E 32 39 5
E 42 32 5
E 29 39 5
E 29 32 5
E 29 42 5
E 39 29 5
E 39 42 5
E 39 32 5
E 39 29 5
E 42 39 5
E 20 13 5
E 20 3 5
E 20 22 5
E 22 20 5
E 13 20 5
E 13 3 5
E 13 22 5
E 22 13 5
E 3 20 5
E 3 13 5
E 3 22 5
E 20 3 5
E 22 20 5
E 22 3 5
E 22 13 5
E 13 22 5
E 59 36 5
E 36 59 5
E 36 59 5
E 59 36 5
E 28 58 5
E 28 27 5
E 28 25 5
E 62 28 5
E 62 28 5
E 62 25 5
E 62 27 5
E 25 62 5
E 27 58 5
E 27 25 5
E 27 62 5
E 62 27 5
E 58 25 5
E 58 62 5
E 58 28 5
E 25 58 5
E 25 28 5
E 25 62 5
E 25 27 5
E 62 25 5
E 46 55 5
E 46 5 5
E 46 0 5
E 55 46 5
E 55 0 5
E 55 5 5
E 55 46 5
E 46 55 5
E 44 0 5
E 44 46 5
E 44 5 5
E 5 44 5
E 0 5 5
E 0 55 5
E 0 46 5
E 55 0 5
E 5 0 5
E 5 46 5
E 5 55 5
E 55 5 5
E 12 60 5
E 12 26 5
E 12 8 5
E 66 12 5
E 60 66 5
E 60 43 5
E 60 8 5
E 66 60 5
E 43 12 5
E 43 8 5
E 43 60 5
E 66 43 5
E 26 43 5
E 26 12 5
E 26 8 5
E 12 26 5
E 8 26 5
E 8 43 5
E 8 12 5
E 66 8 5
E 66 8 5
E 66 43 5
E 66 12 5
E 12 66 5
E 2 4 5
E 4 2 5
E 4 2 5
E 2 4 5
E 15 64 5
E 15 11 5
E 15 68 5
E 64 15 5
E 68 11 5
E 68 38 5
E 68 15 5
E 15 68 5
E 64 68 5
E 64 15 5
E 64 11 5
E 68 64 5
E 11 38 5
E 11 15 5
E 11 68 5
E 68 11 5
E 38 15 5
E 38 64 5
E 38 68 5
E 11 38 5
E 48 21 5
E 48 35 5
E 21 48 5
E 21 48 5
E 21 35 5
E 35 21 5
E 35 48 5
E 35 21 5
E 48 35 5
E 54 49 5
E 54 24 5
E 54 37 5
E 24 54 5
E 37 54 5
E 37 49 5
E 37 24 5
E 54 37 5
E 24 49 5
E 24 54 5
E 24 37 5
E 37 24 5
E 49 54 5
E 49 37 5
E 49 24 5
E 37 49 5
E 9 67 5
E 9 53 5
E 53 9 5
E 67 9 5
E 67 53 5
E 53 67 5
E 53 9 5
E 53 67 5
E 67 53 5
E 1 57 5
E 1 30 5
E 30 1 5
E 57 1 5
E 57 30 5
E 30 57 5
E 30 1 5
E 30 57 5
E 57 30 5
E 6 51 5
E 6 25 5
E 6 1 5
E 47 32 5
E 65 11 5
E 33 9 5
E 63 5 5
E 17 32 5
E 45 37 5
E 63 18 5
E 52 37 5
E 19 27 5
E 52 2 5
E 41 23 5
E 41 26 5
E 40 67 5
E 40 30 5
E 61 36 5
E 61 48 5
E 40 46 5
E 50 49 5
E 10 46 5
E 10 59 5
E 50 39 5
E 18 5 5
E 23 30 5
E 51 35 5
E 51 7 5
E 51 13 5
E 23 3 5
E 7 53 5
E 16 62 5
E 16 48 5
E 16 56 5
E 7 25 5
E 39 36 5
E 32 49 5
E 29 9 5
E 32 21 5
E 39 2 5
E 13 58 5
E 13 1 5
E 13 21 5
E 20 15 5
E 22 36 5
E 59 57 5
E 36 68 5
E 36 1 5
E 36 60 5
E 36 46 5
E 25 26 5
E 25 8 5
E 25 53 5
E 27 49 5
E 62 9 5
E 56 68 5
E 56 21 5
E 56 15 5
E 56 11 5
E 56 9 5
E 55 26 5
E 46 57 5
E 44 26 5
E 5 2 5
E 46 30 5
E 8 57 5
E 60 4 5
E 66 53 5
E 12 53 5
E 66 9 5
E 4 49 5
E 2 48 5
E 2 35 5
E 2 37 5
E 4 30 5
E 68 57 5
E 68 21 5
E 15 37 5
E 11 35 5
E 38 53 5
E 21 9 5
E 48 54 5
E 35 67 5
E 48 1 5
E 48 37 5
E 24 67 5
E 49 67 5
E 54 9 5
E 49 9 5
E 24 9 5
E 53 1 5
E 9 1 5
E 67 30 5
E 67 1 5
E 53 57 5
