H 60 289 1
E 32 23 5
E 32 35 5
E 32 27 5
E 27 32 5
E 43 35 5
E 43 32 5
E 43 23 5
E 27 43 5
E 23 32 5
E 23 27 5
E 23 35 5
E 35 23 5
E 27 43 5
E 27 32 5
E 27 35 5
E 43 27 5
E 35 32 5
E 35 27 5
E 35 43 5
E 23 35 5
E 38 10 5
E 38 14 5
E 14 38 5
E 10 38 5
E 10 14 5
E 38 10 5
E 14 38 5
E 14 10 5
E 38 14 5
E 15 17 5
E 17 15 5
E 17 15 5
E 15 17 5
E 40 36 5
E 40 19 5
E 36 40 5
E 36 40 5
E 36 19 5
E 19 36 5
E 19 40 5
E 19 36 5
E 40 19 5
E 50 47 5
E 50 0 5
E 50 4 5
E 47 50 5
E 47 0 5
E 47 4 5
E 47 50 5
E 0 47 5
E 4 0 5
E 4 47 5
E 4 50 5
E 50 4 5
E 0 4 5
E 0 47 5
E 0 50 5
E 47 0 5
E 3 57 5
E 3 7 5
E 3 33 5
E 7 3 5
E 57 3 5
E 57 33 5
E 57 7 5
E 7 57 5
E 33 7 5
E 33 3 5
E 33 57 5
E 3 33 5
E 7 3 5
E 7 57 5
E 7 33 5
E 33 7 5
E 12 18 5
E 18 12 5
E 18 12 5
E 12 18 5
E 58 30 5
E 58 59 5
E 30 58 5
E 30 58 5
E 30 59 5
E 58 30 5
E 59 58 5
E 59 30 5
E 30 59 5
E 46 8 5
E 46 25 5
E 46 2 5
E 2 46 5
E 45 8 5
E 45 25 5
E 45 2 5
E 8 45 5
E 8 46 5
E 8 25 5
E 8 2 5
E 46 8 5
E 25 8 5
E 25 45 5
E 25 46 5
E 2 25 5
E 2 45 5
E 2 25 5
E 2 46 5
E 45 2 5
E 41 37 5
E 37 41 5
E 37 41 5
E 41 37 5
E 5 53 5
E 5 54 5
E 5 26 5
E 53 5 5
E 53 26 5
E 53 54 5
E 53 5 5
E 26 53 5
E 26 5 5
E 26 54 5
E 26 53 5
E 5 26 5
E 54 26 5
E 54 5 5
E 54 53 5
E 5 54 5
E 56 39 5
E 56 28 5
E 56 21 5
E 21 56 5
E 28 21 5
E 28 56 5
E 28 6 5
E 56 28 5
E 6 56 5
E 6 39 5
E 6 21 5
E 39 6 5
E 21 39 5
E 21 28 5
E 21 56 5
E 28 21 5
E 39 56 5
E 39 28 5
E 39 21 5
E 21 39 5
E 55 13 5
E 55 9 5
E 55 16 5
E 16 55 5
E 9 16 5
E 9 55 5
E 9 13 5
E 55 9 5
E 13 55 5
E 13 9 5
E 13 16 5
E 55 13 5
E 16 13 5
E 16 55 5
E 16 9 5
E 13 16 5
E 29 51 5
E 29 20 5
E 20 29 5
E 51 29 5
E 51 20 5
E 29 51 5
E 20 29 5
E 20 51 5
E 29 20 5
E 11 44 5
E 44 11 5
E 44 11 5
E 11 44 5
E 34 52 5
E 34 31 5
E 52 34 5
E 52 34 5
E 52 31 5
E 34 52 5
E 31 34 5
E 31 52 5
E 52 31 5
E 48 22 5
E 48 1 5
E 1 48 5
E 22 48 5
E 22 1 5
E 1 22 5
E 1 48 5
E 1 22 5
E 48 1 5
E 23 41 5
E 43 21 5
E 27 18 5
E 32 24 5
E 23 24 5
E 38 9 5
E 14 4 5
E 10 31 5
E 10 0 5
E 10 15 5
E 15 8 5
E 17 2 5
E 17 19 5
E 15 19 5
E 17 24 5
E 40 46 5
E 19 49 5
E 40 44 5
E 40 11 5
E 19 22 5
E 42 1 5
E 42 44 5
E 42 8 5
E 42 22 5
E 42 30 5
E 0 48 5
E 47 24 5
E 4 11 5
E 4 24 5
E 47 44 5
E 3 18 5
E 57 54 5
E 7 37 5
E 3 11 5
E 7 58 5
E 49 59 5
E 49 44 5
E 49 58 5
E 49 34 5
E 49 6 5
E 18 52 5
E 12 9 5
E 12 16 5
E 12 44 5
E 12 6 5
E 58 53 5
E 30 6 5
E 59 45 5
E 59 29 5
E 59 37 5
E 45 52 5
E 2 37 5
E 25 9 5
E 45 51 5
E 8 29 5
E 37 34 5
E 37 29 5
E 41 52 5
E 37 11 5
E 37 16 5
E 24 20 5
E 24 11 5
E 24 44 5
E 24 22 5
E 24 28 5
E 5 28 5
E 5 34 5
E 54 29 5
E 54 6 5
E 26 6 5
E 39 44 5
E 39 52 5
E 56 16 5
E 21 34 5
E 56 11 5
E 16 51 5
E 55 52 5
E 9 48 5
E 13 31 5
E 13 52 5
E 51 48 5
E 20 44 5
E 51 11 5
E 51 44 5
E 29 34 5
E 11 48 5
E 11 52 5
E 11 22 5
E 11 31 5
E 44 48 5
E 31 1 5
E 52 22 5
E 34 22 5
E 52 1 5
E 34 48 5
