H 50 237 1
E 6 15 5
E 6 23 5
E 15 6 5
E 15 6 5
E 15 23 5
E 23 15 5
E 23 6 5
E 23 15 5
E 6 23 5
E 7 26 5
E 7 30 5
E 7 45 5
E 45 7 5
E 30 45 5
E 30 7 5
E 30 26 5
E 7 30 5
E 28 7 5
E 28 45 5
E 28 30 5
E 26 28 5
E 45 30 5
E 45 28 5
E 45 26 5
E 30 45 5
E 26 28 5
E 26 30 5
E 26 45 5
E 45 26 5
E 20 29 5
E 20 14 5
E 20 47 5
E 47 20 5
E 29 20 5
E 29 14 5
E 29 47 5
E 14 29 5
E 47 20 5
E 47 14 5
E 47 29 5
E 14 47 5
E 14 29 5
E 14 20 5
E 14 47 5
E 29 14 5
E 25 31 5
E 31 25 5
E 31 25 5
E 25 31 5
E 46 13 5
E 46 36 5
E 36 46 5
E 13 46 5
E 13 36 5
E 36 13 5
E 36 46 5
E 36 13 5
E 46 36 5
E 42 35 5
E 35 42 5
E 35 42 5
E 42 35 5
E 0 8 5
E 8 0 5
E 8 0 5
E 0 8 5
E 19 16 5
E 19 4 5
E 19 11 5
E 4 19 5
E 11 19 5
E 11 16 5
E 11 4 5
E 16 11 5
E 16 19 5
E 16 11 5
E 16 4 5
E 19 16 5
E 4 19 5
E 4 16 5
E 4 11 5
E 16 4 5
E 12 38 5
E 12 1 5
E 1 12 5
E 38 12 5
E 38 1 5
E 1 38 5
E 1 12 5
E 1 38 5
E 38 1 5
E 33 44 5
E 44 33 5
E 44 33 5
E 33 44 5
E 10 3 5
E 10 40 5
E 10 41 5
E 43 10 5
E 3 10 5
E 3 43 5
E 3 40 5
E 41 3 5
E 43 10 5
E 43 41 5
E 43 40 5
E 3 43 5
E 41 43 5
E 41 40 5
E 41 3 5
E 10 41 5
E 40 10 5
E 40 41 5
E 40 3 5
E 3 40 5
E 21 2 5
E 21 39 5
E 2 21 5
E 2 21 5
E 2 39 5
E 21 2 5
E 39 21 5
E 39 2 5
E 2 39 5
E 18 49 5
E 18 5 5
E 49 18 5
E 49 18 5
E 49 5 5
E 18 49 5
E 5 18 5
E 5 49 5
E 18 5 5
E 9 34 5
E 9 22 5
E 22 9 5
E 34 9 5
E 34 22 5
E 9 34 5
E 22 9 5
E 22 34 5
E 9 22 5
E 48 27 5
E 48 21 5
E 48 6 5
E 48 32 5
E 48 42 5
E 15 35 5
E 23 36 5
E 23 41 5
E 6 12 5
E 6 25 5
E 45 22 5
E 45 38 5
E 28 18 5
E 7 25 5
E 28 34 5
E 47 42 5
E 20 4 5
E 29 2 5
E 47 2 5
E 20 42 5
E 27 13 5
E 27 25 5
E 27 2 5
E 27 32 5
E 27 46 5
E 25 32 5
E 31 42 5
E 25 5 5
E 25 21 5
E 31 32 5
E 46 8 5
E 46 35 5
E 46 9 5
E 46 32 5
E 46 0 5
E 42 16 5
E 35 17 5
E 35 9 5
E 42 44 5
E 42 37 5
E 0 32 5
E 8 12 5
E 0 17 5
E 0 21 5
E 0 22 5
E 37 17 5
E 37 5 5
E 37 24 5
E 37 34 5
E 37 10 5
E 17 32 5
E 17 19 5
E 17 3 5
E 17 44 5
E 17 24 5
E 32 38 5
E 32 9 5
E 32 11 5
E 32 43 5
E 32 24 5
E 24 2 5
E 24 16 5
E 24 34 5
E 24 19 5
E 24 11 5
E 11 18 5
E 16 21 5
E 11 39 5
E 19 3 5
E 11 22 5
E 12 9 5
E 12 34 5
E 12 18 5
E 38 49 5
E 1 22 5
E 44 40 5
E 44 18 5
E 33 21 5
E 44 22 5
E 44 41 5
E 41 22 5
E 41 9 5
E 41 2 5
E 3 39 5
E 10 9 5
E 21 49 5
E 2 22 5
E 39 34 5
E 39 18 5
E 2 34 5
E 5 9 5
E 49 22 5
E 18 34 5
E 18 22 5
E 5 22 5
