H 240 632 1
E 146 126 0
E 126 146 0
E 126 146 0
E 146 126 0
E 147 72 0
E 72 147 0
E 72 147 0
E 147 72 0
E 63 211 0
E 211 63 0
E 211 63 0
E 63 211 0
E 165 162 0
E 165 119 0
E 119 165 0
E 162 165 0
E 162 119 0
E 165 162 0
E 119 165 0
E 119 162 0
E 162 119 0
E 120 216 0
E 216 120 0
E 216 120 0
E 120 216 0
E 160 176 0
E 176 160 0
E 176 160 0
E 160 176 0
E 22 201 0
E 201 22 0
E 201 22 0
E 22 201 0
E 189 128 0
E 128 189 0
E 128 189 0
E 189 128 0
E 36 166 0
E 166 36 0
E 166 36 0
E 36 166 0
E 51 81 0
E 81 51 0
E 81 51 0
E 51 81 0
E 8 230 0
E 230 8 0
E 230 8 0
E 8 230 0
E 104 143 0
E 143 104 0
E 143 104 0
E 104 143 0
E 204 11 0
E 11 204 0
E 11 204 0
E 204 11 0
E 125 171 0
E 171 125 0
E 171 125 0
E 125 171 0
E 132 30 0
E 30 132 0
E 30 132 0
E 132 30 0
E 202 112 0
E 112 202 0
E 112 202 0
E 202 112 0
E 16 95 0
E 95 16 0
E 95 16 0
E 16 95 0
E 77 12 0
E 77 67 0
E 67 77 0
E 12 77 0
E 12 67 0
E 67 12 0
E 67 77 0
E 67 12 0
E 77 67 0
E 55 93 0
E 93 55 0
E 93 55 0
E 55 93 0
E 96 114 0
E 114 96 0
E 114 96 0
E 96 114 0
E 140 144 0
E 144 140 0
E 144 140 0
E 140 144 0
E 224 151 0
E 151 224 0
E 151 224 0
E 224 151 0
E 167 61 0
E 61 167 0
E 61 167 0
E 167 61 0
E 39 212 0
E 212 39 0
E 212 39 0
E 39 212 0
E 220 69 0
E 69 220 0
E 69 220 0
E 220 69 0
E 1 172 0
E 172 1 0
E 172 1 0
E 1 172 0
E 239 92 0
E 92 239 0
E 92 239 0
E 239 92 0
E 179 13 0
E 13 179 0
E 13 179 0
E 179 13 0
E 23 175 0
E 175 23 0
E 175 23 0
E 23 175 0
E 185 231 0
E 231 185 0
E 231 185 0
E 185 231 0
E 214 198 0
E 198 214 0
E 198 214 0
E 214 198 0
E 9 2 0
E 2 9 0
E 2 9 0
E 9 2 0
E 136 60 0
E 60 136 0
E 60 136 0
E 136 60 0
E 19 159 0
E 19 57 0
E 57 19 0
E 159 19 0
E 159 57 0
E 57 159 0
E 57 19 0
E 57 159 0
E 159 57 0
E 78 194 0
E 194 78 0
E 194 78 0
E 78 194 0
E 73 111 0
E 73 129 0
E 129 73 0
E 111 73 0
E 111 129 0
E 73 111 0
E 129 73 0
E 129 111 0
E 73 129 0
E 18 209 0
E 209 18 0
E 209 18 0
E 18 209 0
E 219 218 0
E 218 219 0
E 218 219 0
E 219 218 0
E 82 156 0
E 82 130 0
E 130 82 0
E 156 82 0
E 156 130 0
E 130 156 0
E 130 82 0
E 130 156 0
E 82 130 0
E 54 138 0
E 54 24 0
E 138 54 0
E 138 54 0
E 138 24 0
E 24 138 0
E 24 54 0
E 24 138 0
E 54 24 0
E 107 68 0
E 68 107 0
E 68 107 0
E 107 68 0
E 149 27 0
E 27 149 0
E 27 149 0
E 149 27 0
E 229 90 0
E 90 229 0
E 90 229 0
E 229 90 0
E 88 97 0
E 88 233 0
E 97 88 0
E 97 88 0
E 97 233 0
E 88 97 0
E 233 88 0
E 233 97 0
E 88 233 0
E 148 191 0
E 191 148 0
E 191 148 0
E 148 191 0
E 221 154 0
E 154 221 0
E 154 221 0
E 221 154 0
E 48 113 0
E 113 48 0
E 113 48 0
E 48 113 0
E 157 64 0
E 64 157 0
E 64 157 0
E 157 64 0
E 141 103 0
E 103 141 0
E 103 141 0
E 141 103 0
E 206 117 0
E 117 206 0
E 117 206 0
E 206 117 0
E 79 169 0
E 169 79 0
E 169 79 0
E 79 169 0
E 42 35 0
E 42 168 0
E 168 42 0
E 35 42 0
E 35 168 0
E 42 35 0
E 168 42 0
E 168 35 0
E 42 168 0
E 26 190 0
E 190 26 0
E 190 26 0
E 26 190 0
E 118 109 0
E 109 118 0
E 109 118 0
E 118 109 0
E 100 65 0
E 65 100 0
E 65 100 0
E 100 65 0
E 203 43 0
E 43 203 0
E 43 203 0
E 203 43 0
E 50 87 0
E 87 50 0
E 87 50 0
E 50 87 0
E 53 45 0
E 45 53 0
E 45 53 0
E 53 45 0
E 228 142 0
E 142 228 0
E 142 228 0
E 228 142 0
E 238 33 0
E 33 238 0
E 33 238 0
E 238 33 0
E 110 135 0
E 135 110 0
E 135 110 0
E 110 135 0
E 237 227 0
E 227 237 0
E 227 237 0
E 237 227 0
E 123 20 0
E 20 123 0
E 20 123 0
E 123 20 0
E 76 199 0
E 199 76 0
E 199 76 0
E 76 199 0
E 59 32 0
E 32 59 0
E 32 59 0
E 59 32 0
E 126 222 0
E 126 196 0
E 15 20 0
E 15 127 0
E 72 83 0
E 72 207 0
E 152 220 0
E 152 45 0
E 116 164 0
E 116 85 0
E 211 26 0
E 63 92 0
E 162 164 0
E 119 125 0
E 44 59 0
E 44 171 0
E 120 124 0
E 120 169 0
E 225 71 0
E 225 31 0
E 121 157 0
E 121 92 0
E 58 16 0
E 58 164 0
E 40 234 0
E 40 133 0
E 173 71 0
E 173 34 0
E 34 218 0
E 34 79 0
E 234 127 0
E 234 139 0
E 176 47 0
E 160 1 0
E 124 200 0
E 124 102 0
E 201 20 0
E 201 18 0
E 128 76 0
E 189 93 0
E 75 94 0
E 75 3 0
E 137 206 0
E 137 133 0
E 36 10 0
E 36 114 0
E 91 24 0
E 91 80 0
E 81 89 0
E 81 219 0
E 195 163 0
E 195 226 0
E 127 164 0
E 127 23 0
E 98 107 0
E 98 194 0
E 230 239 0
E 230 228 0
E 106 223 0
E 106 158 0
E 104 52 0
E 104 133 0
E 204 170 0
E 204 188 0
E 71 3 0
E 71 31 0
E 122 89 0
E 122 180 0
E 171 207 0
E 171 46 0
E 132 117 0
E 132 46 0
E 0 61 0
E 0 194 0
E 202 222 0
E 202 111 0
E 161 190 0
E 161 164 0
E 16 80 0
E 16 54 0
E 67 218 0
E 12 235 0
E 62 4 0
E 62 207 0
E 93 203 0
E 55 157 0
E 102 76 0
E 102 222 0
E 96 97 0
E 96 31 0
E 235 150 0
E 235 131 0
E 108 38 0
E 108 4 0
E 14 37 0
E 14 28 0
E 196 47 0
E 196 210 0
E 52 101 0
E 52 182 0
E 5 220 0
E 5 223 0
E 144 188 0
E 140 2 0
E 151 207 0
E 224 85 0
E 177 205 0
E 177 170 0
E 167 223 0
E 167 179 0
E 163 56 0
E 163 78 0
E 49 7 0
E 49 221 0
E 39 38 0
E 212 29 0
E 105 74 0
E 105 117 0
E 69 133 0
E 220 183 0
E 172 56 0
E 172 236 0
E 239 94 0
E 239 86 0
E 145 141 0
E 145 46 0
E 179 232 0
E 13 215 0
E 94 182 0
E 94 187 0
E 181 117 0
E 181 56 0
E 23 80 0
E 23 182 0
E 46 86 0
E 46 236 0
E 226 133 0
E 226 38 0
E 213 9 0
E 213 134 0
E 83 21 0
E 83 84 0
E 115 208 0
E 115 156 0
E 185 18 0
E 185 80 0
E 133 164 0
E 133 76 0
E 66 78 0
E 66 182 0
E 198 221 0
E 198 187 0
E 182 101 0
E 182 187 0
E 2 217 0
E 2 97 0
E 174 65 0
E 174 10 0
E 184 84 0
E 184 31 0
E 38 57 0
E 38 150 0
E 217 47 0
E 217 48 0
E 47 136 0
E 47 215 0
E 200 31 0
E 200 24 0
E 7 64 0
E 7 197 0
E 60 33 0
E 60 3 0
E 150 89 0
E 150 159 0
E 57 134 0
E 57 64 0
E 197 207 0
E 197 101 0
E 78 89 0
E 194 192 0
E 101 70 0
E 101 180 0
E 73 65 0
E 73 28 0
E 205 153 0
E 205 190 0
E 209 85 0
E 209 206 0
E 17 50 0
E 17 56 0
E 219 6 0
E 219 109 0
E 25 53 0
E 25 130 0
E 208 180 0
E 208 131 0
E 187 180 0
E 187 139 0
E 156 41 0
E 156 192 0
E 232 84 0
E 232 56 0
E 215 29 0
E 215 48 0
E 24 50 0
E 24 164 0
E 107 178 0
E 107 50 0
E 207 99 0
E 207 168 0
E 193 236 0
E 193 31 0
E 149 10 0
E 27 158 0
E 90 158 0
E 90 79 0
E 88 206 0
E 97 223 0
E 3 10 0
E 3 42 0
E 192 228 0
E 192 227 0
E 85 139 0
E 85 84 0
E 139 50 0
E 139 157 0
E 84 56 0
E 84 236 0
E 188 142 0
E 188 28 0
E 148 180 0
E 148 134 0
E 74 186 0
E 74 6 0
E 154 33 0
E 221 155 0
E 31 42 0
E 31 199 0
E 158 21 0
E 158 10 0
E 210 21 0
E 210 86 0
E 113 180 0
E 113 157 0
E 157 183 0
E 64 79 0
E 99 170 0
E 99 37 0
E 186 28 0
E 186 109 0
E 86 4 0
E 86 28 0
E 103 29 0
E 141 53 0
E 223 183 0
E 223 20 0
E 117 170 0
E 206 237 0
E 183 89 0
E 183 178 0
E 21 178 0
E 21 89 0
E 79 20 0
E 79 10 0
E 42 134 0
E 35 33 0
E 26 70 0
E 26 37 0
E 109 142 0
E 109 29 0
E 28 110 0
E 28 227 0
E 65 29 0
E 65 135 0
E 236 29 0
E 236 178 0
E 56 155 0
E 56 80 0
E 178 41 0
E 178 135 0
E 153 238 0
E 153 222 0
E 222 41 0
E 222 80 0
E 80 76 0
E 80 87 0
E 70 155 0
E 70 6 0
E 43 76 0
E 43 37 0
E 180 170 0
E 180 237 0
E 6 238 0
E 6 170 0
E 41 164 0
E 41 142 0
E 87 134 0
E 87 53 0
E 131 164 0
E 131 37 0
E 45 155 0
E 53 29 0
E 155 199 0
E 155 76 0
E 228 33 0
E 228 29 0
E 33 4 0
E 238 29 0
E 135 59 0
E 135 4 0
E 10 29 0
E 10 32 0
E 29 89 0
E 29 37 0
E 89 37 0
E 89 134 0
E 227 164 0
E 227 123 0
E 4 170 0
E 4 20 0
E 20 164 0
E 20 32 0
E 134 37 0
E 134 76 0
E 199 170 0
E 199 164 0
E 37 164 0
E 37 170 0
E 164 32 0
E 164 170 0
E 32 170 0
E 59 170 0
