H 176 1215 1
E 59 61 6
E 59 94 6
E 59 46 6
E 61 59 5
E 88 61 5
E 88 46 6
E 88 94 6
E 59 88 5
E 94 46 5
E 94 61 6
E 94 88 6
E 88 94 6
E 46 88 6
E 46 61 6
E 46 59 6
E 88 46 5
E 61 94 5
E 61 88 6
E 61 46 6
E 88 61 5
E 145 117 5
E 117 145 5
E 117 145 6
E 145 117 6
E 69 154 6
E 69 129 6
E 69 141 5
E 154 69 6
E 154 129 6
E 154 108 6
E 154 141 6
E 69 154 6
E 141 129 5
E 141 69 5
E 141 108 6
E 129 141 5
E 129 108 5
E 129 69 6
E 129 154 6
E 154 129 5
E 108 141 5
E 108 129 5
E 108 69 6
E 69 108 5
E 87 149 6
E 87 47 6
E 47 87 5
E 149 87 6
E 149 47 5
E 87 149 6
E 47 87 6
E 47 149 6
E 87 47 5
E 102 8 6
E 8 102 5
E 8 102 6
E 102 8 5
E 9 73 6
E 73 9 6
E 73 9 6
E 9 73 6
E 52 148 6
E 52 57 5
E 148 52 6
E 148 52 5
E 148 57 6
E 57 148 6
E 57 52 5
E 57 148 6
E 52 57 6
E 55 31 6
E 31 55 5
E 31 55 5
E 55 31 6
E 78 106 6
E 78 92 5
E 78 134 6
E 89 78 6
E 134 78 6
E 134 161 5
E 134 106 6
E 161 134 5
E 89 134 5
E 89 78 6
E 89 161 5
E 78 89 5
E 161 92 6
E 161 106 6
E 161 134 5
E 92 161 6
E 92 161 6
E 92 89 6
E 92 134 6
E 106 92 5
E 106 92 5
E 106 134 6
E 106 78 5
E 78 106 6
E 132 54 6
E 132 7 5
E 132 76 5
E 54 132 6
E 7 76 5
E 7 132 5
E 7 54 6
E 54 7 5
E 54 7 5
E 54 76 5
E 54 132 5
E 76 54 6
E 76 54 5
E 76 132 5
E 76 7 6
E 54 76 5
E 41 173 5
E 41 38 5
E 173 41 6
E 173 41 5
E 173 38 6
E 38 173 6
E 38 41 5
E 38 173 6
E 173 38 6
E 116 163 6
E 116 30 6
E 116 158 5
E 133 116 5
E 30 158 6
E 30 163 5
E 30 116 6
E 163 30 5
E 158 133 6
E 158 105 6
E 158 163 5
E 163 158 5
E 133 163 6
E 133 105 5
E 133 30 5
E 163 133 6
E 163 105 6
E 163 30 6
E 163 158 5
E 30 163 6
E 105 30 6
E 105 133 5
E 105 158 5
E 116 105 5
E 3 146 5
E 3 45 5
E 3 77 6
E 77 3 6
E 45 77 6
E 45 3 6
E 45 146 5
E 77 45 6
E 77 45 6
E 77 3 5
E 77 146 6
E 45 77 6
E 146 45 6
E 146 3 5
E 146 77 6
E 3 146 5
E 93 150 5
E 150 93 5
E 150 93 5
E 93 150 6
E 171 164 6
E 164 171 6
E 164 171 6
E 171 164 5
E 91 168 6
E 91 170 5
E 168 91 6
E 168 91 5
E 168 170 5
E 170 168 5
E 170 91 6
E 170 168 6
E 168 170 6
E 144 42 6
E 144 15 6
E 144 85 5
E 15 144 5
E 42 15 6
E 42 144 6
E 42 85 5
E 85 42 5
E 85 15 6
E 85 144 5
E 85 42 6
E 144 85 6
E 15 144 6
E 15 42 5
E 15 85 5
E 42 15 5
E 37 80 6
E 37 32 5
E 37 83 5
E 5 37 6
E 83 80 5
E 83 37 5
E 83 32 6
E 5 83 5
E 32 83 5
E 32 5 6
E 32 80 5
E 5 32 5
E 80 37 5
E 80 32 6
E 80 5 5
E 32 80 6
E 5 32 6
E 5 80 6
E 5 83 6
E 37 5 6
E 97 21 6
E 97 99 6
E 97 19 5
E 71 97 6
E 99 71 5
E 99 97 5
E 99 19 5
E 71 99 5
E 19 97 6
E 19 21 6
E 19 71 6
E 97 19 6
E 21 19 5
E 21 97 6
E 21 71 6
E 71 21 5
E 71 97 6
E 71 19 6
E 71 99 6
E 97 71 5
E 63 70 6
E 63 28 6
E 63 139 5
E 82 63 6
E 82 70 6
E 82 63 6
E 82 28 5
E 28 82 6
E 70 139 6
E 70 63 6
E 70 82 5
E 28 70 5
E 139 70 5
E 139 28 6
E 139 63 5
E 70 139 6
E 28 139 5
E 28 82 6
E 28 63 6
E 82 28 6
E 44 130 6
E 44 101 6
E 44 22 5
E 11 44 5
E 130 101 5
E 130 172 6
E 130 22 6
E 22 130 6
E 22 11 5
E 22 101 5
E 22 130 6
E 101 22 6
E 101 11 5
E 101 22 6
E 101 130 5
E 22 101 6
E 172 22 5
E 172 101 5
E 172 130 6
E 11 172 6
E 39 44 6
E 39 22 5
E 39 172 6
E 130 39 6
E 11 22 5
E 11 172 5
E 11 101 5
E 44 11 6
E 169 17 5
E 17 169 5
E 17 169 6
E 169 17 5
E 111 119 6
E 111 112 6
E 111 143 6
E 119 111 6
E 143 112 5
E 143 119 5
E 143 111 5
E 111 143 5
E 112 119 5
E 112 143 5
E 112 111 6
E 111 112 6
E 119 143 6
E 119 111 5
E 119 112 5
E 111 119 5
E 137 98 5
E 137 49 5
E 137 6 6
E 6 137 6
E 6 49 6
E 6 137 6
E 6 43 5
E 43 6 6
E 49 98 6
E 49 6 5
E 49 43 6
E 137 49 5
E 43 6 5
E 43 137 5
E 43 49 5
E 49 43 5
E 98 49 5
E 98 6 5
E 98 137 5
E 6 98 6
E 100 84 5
E 100 36 6
E 100 90 5
E 157 100 5
E 72 90 6
E 72 157 6
E 72 36 5
E 36 72 5
E 90 157 6
E 90 36 5
E 90 72 6
E 72 90 5
E 157 72 5
E 157 90 5
E 157 128 6
E 128 157 5
E 84 36 5
E 84 90 6
E 84 157 6
E 128 84 5
E 128 100 6
E 128 157 6
E 128 90 6
E 90 128 5
E 36 100 5
E 36 128 5
E 36 72 5
E 100 36 5
E 60 140 5
E 60 18 6
E 60 12 6
E 140 60 6
E 18 140 6
E 18 60 5
E 18 12 6
E 140 18 6
E 140 60 6
E 140 18 5
E 140 12 6
E 18 140 5
E 12 60 6
E 12 18 5
E 12 140 5
E 60 12 5
E 126 96 6
E 126 95 5
E 95 126 6
E 96 126 6
E 96 95 5
E 126 96 5
E 95 126 6
E 95 96 6
E 126 95 6
E 174 135 6
E 174 147 6
E 147 174 6
E 135 174 5
E 135 147 6
E 147 135 6
E 147 174 5
E 147 135 5
E 135 147 5
E 124 27 6
E 124 29 6
E 124 160 5
E 160 124 5
E 160 27 6
E 160 124 6
E 160 29 5
E 27 160 6
E 27 29 6
E 27 124 5
E 27 160 6
E 124 27 5
E 29 160 6
E 29 27 6
E 29 124 6
E 27 29 6
E 127 109 5
E 127 110 6
E 127 122 5
E 13 127 5
E 109 110 5
E 109 127 5
E 109 67 5
E 13 109 6
E 13 127 5
E 13 67 6
E 13 110 5
E 127 13 5
E 110 122 5
E 110 13 5
E 110 67 5
E 122 110 6
E 122 13 6
E 122 67 5
E 122 110 6
E 109 122 5
E 67 127 6
E 67 109 6
E 67 110 5
E 122 67 5
E 2 35 6
E 2 34 5
E 2 79 6
E 34 2 6
E 79 2 6
E 79 34 5
E 79 35 6
E 2 79 6
E 35 34 5
E 35 2 6
E 35 79 5
E 79 35 6
E 34 2 6
E 34 35 6
E 34 79 6
E 79 34 5
E 1 58 6
E 1 20 6
E 1 115 5
E 0 1 6
E 115 58 5
E 115 1 6
E 115 0 5
E 20 115 6
E 0 20 5
E 0 58 6
E 0 1 6
E 1 0 5
E 20 0 5
E 20 1 5
E 20 115 6
E 0 20 5
E 58 0 6
E 58 115 5
E 58 1 5
E 115 58 6
E 125 66 6
E 125 162 5
E 125 175 6
E 175 125 6
E 66 162 6
E 66 125 6
E 66 175 6
E 175 66 6
E 175 162 5
E 175 66 6
E 175 125 6
E 125 175 6
E 162 66 5
E 162 125 6
E 162 175 6
E 66 162 6
E 10 152 5
E 10 151 5
E 10 123 5
E 152 10 6
E 153 123 5
E 153 152 5
E 153 10 5
E 10 153 6
E 151 123 5
E 151 152 6
E 151 153 5
E 10 151 5
E 123 10 5
E 123 152 6
E 123 151 6
E 152 123 6
E 152 123 6
E 152 153 5
E 152 10 6
E 10 152 5
E 74 165 5
E 74 167 5
E 74 16 6
E 16 74 6
E 165 167 6
E 165 16 6
E 165 74 6
E 74 165 6
E 16 167 5
E 16 74 5
E 16 165 5
E 74 16 5
E 167 16 6
E 167 165 5
E 167 74 5
E 16 167 6
E 103 26 5
E 103 48 5
E 103 156 5
E 48 103 5
E 156 48 5
E 156 103 5
E 156 26 5
E 103 156 5
E 48 103 6
E 48 64 5
E 48 156 5
E 64 48 5
E 64 48 5
E 64 156 5
E 64 103 6
E 156 64 5
E 26 48 6
E 26 156 6
E 26 64 6
E 156 26 6
E 131 113 5
E 131 81 5
E 131 121 6
E 4 131 5
E 4 131 6
E 4 113 6
E 4 14 6
E 14 4 6
E 121 131 5
E 121 14 6
E 121 113 6
E 4 121 6
E 113 4 6
E 113 121 6
E 113 14 5
E 4 113 6
E 81 121 5
E 81 14 6
E 81 4 6
E 121 81 5
E 14 113 6
E 14 121 6
E 14 131 5
E 81 14 6
E 138 51 6
E 138 118 6
E 138 50 6
E 50 138 5
E 118 51 6
E 118 138 5
E 118 50 5
E 50 118 6
E 50 51 5
E 50 138 5
E 50 118 5
E 51 50 5
E 51 118 6
E 51 50 6
E 51 138 6
E 118 51 5
E 23 159 5
E 23 40 6
E 23 107 5
E 40 23 6
E 107 23 5
E 107 40 6
E 107 159 6
E 40 107 6
E 159 107 5
E 159 23 6
E 159 40 5
E 107 159 5
E 40 107 6
E 40 23 5
E 40 159 6
E 107 40 6
E 155 33 5
E 155 166 6
E 33 155 6
E 33 155 5
E 33 166 5
E 166 33 5
E 166 155 6
E 166 33 6
E 33 166 6
E 104 24 6
E 104 65 5
E 104 86 6
E 53 104 5
E 86 104 6
E 86 53 6
E 86 24 6
E 65 86 6
E 65 53 5
E 65 24 5
E 65 86 5
E 53 65 5
E 24 104 5
E 24 53 5
E 24 65 5
E 104 24 5
E 53 65 6
E 53 104 5
E 53 24 5
E 86 53 5
E 62 68 5
E 62 136 6
E 62 120 6
E 68 62 5
E 25 56 6
E 25 136 6
E 25 120 6
E 120 25 6
E 136 25 6
E 136 56 6
E 136 68 6
E 120 136 6
E 120 62 6
E 120 25 5
E 120 68 5
E 62 120 6
E 56 62 5
E 56 68 5
E 56 120 6
E 120 56 5
E 68 136 6
E 68 25 5
E 68 62 5
E 56 68 6
E 88 102 5
E 59 9 6
E 88 159 5
E 94 165 5
E 61 75 6
E 88 124 6
E 61 16 6
E 46 152 6
E 94 90 5
E 46 17 6
E 88 93 5
E 59 68 6
E 94 19 5
E 145 24 6
E 117 55 5
E 117 39 5
E 145 29 5
E 117 91 5
E 145 32 6
E 117 118 6
E 117 105 6
E 145 161 6
E 117 17 5
E 117 114 5
E 145 75 6
E 117 142 5
E 129 15 6
E 141 39 6
E 129 73 5
E 129 19 6
E 141 160 6
E 154 22 5
E 69 174 5
E 108 17 5
E 154 114 5
E 154 107 6
E 141 148 6
E 108 50 6
E 154 79 5
E 149 130 6
E 87 112 6
E 47 119 5
E 87 31 5
E 47 36 5
E 149 34 5
E 87 34 6
E 149 15 5
E 87 20 5
E 87 33 6
E 47 142 5
E 47 148 5
E 87 55 5
E 102 126 5
E 8 28 6
E 102 139 5
E 8 52 6
E 102 142 6
E 8 119 5
E 102 76 6
E 8 171 6
E 102 114 6
E 8 11 6
E 102 80 6
E 102 50 6
E 8 83 5
E 73 80 6
E 9 0 5
E 73 82 5
E 9 111 5
E 73 91 5
E 73 134 5
E 73 21 5
E 9 166 5
E 73 111 5
E 9 7 5
E 9 140 6
E 73 37 5
E 9 96 5
E 52 97 6
E 57 75 6
E 52 5 5
E 57 168 6
E 52 155 6
E 52 95 5
E 148 35 6
E 148 84 6
E 57 120 6
E 52 135 6
E 52 140 6
E 52 92 5
E 52 142 5
E 55 40 6
E 55 21 5
E 55 121 6
E 31 24 6
E 55 96 5
E 31 134 5
E 55 122 6
E 55 127 6
E 55 42 5
E 31 63 6
E 31 114 5
E 31 131 5
E 31 142 5
E 161 17 6
E 78 162 5
E 106 13 5
E 92 98 6
E 161 98 6
E 106 104 6
E 92 109 5
E 89 120 6
E 161 81 5
E 92 72 6
E 161 93 5
E 89 53 5
E 92 114 5
E 132 40 6
E 54 35 6
E 54 81 5
E 132 174 5
E 7 86 5
E 54 114 5
E 132 105 5
E 76 107 5
E 7 118 6
E 7 17 5
E 7 96 5
E 76 143 6
E 132 112 6
E 41 75 5
E 41 13 5
E 38 112 6
E 173 169 6
E 173 168 5
E 173 155 6
E 173 93 6
E 173 114 5
E 41 142 5
E 173 70 5
E 173 109 6
E 41 169 5
E 173 48 5
E 75 143 6
E 75 133 6
E 75 83 5
E 75 140 5
E 75 164 5
E 75 105 5
E 75 81 5
E 75 21 5
E 75 152 5
E 75 131 5
E 75 72 6
E 75 70 5
E 75 17 5
E 158 17 5
E 116 146 6
E 163 12 5
E 116 93 6
E 158 33 5
E 158 77 5
E 158 138 5
E 105 156 5
E 30 150 5
E 158 165 6
E 30 136 6
E 116 63 5
E 30 96 6
E 77 0 6
E 77 13 5
E 77 143 6
E 3 23 5
E 3 91 6
E 3 33 6
E 45 114 5
E 3 0 6
E 146 164 5
E 3 98 6
E 146 147 5
E 77 121 5
E 45 26 5
E 93 127 6
E 150 13 5
E 150 162 6
E 150 103 5
E 93 80 6
E 150 127 6
E 93 91 5
E 93 152 6
E 93 79 6
E 93 167 6
E 93 86 5
E 150 23 6
E 150 36 5
E 142 171 5
E 142 121 5
E 142 114 6
E 142 168 6
E 142 165 6
E 142 28 6
E 142 152 6
E 142 153 5
E 142 1 6
E 142 140 6
E 142 157 5
E 142 175 6
E 142 167 6
E 164 14 5
E 171 162 6
E 171 95 5
E 171 155 6
E 171 32 5
E 171 85 6
E 164 67 5
E 171 126 5
E 171 124 5
E 171 50 5
E 171 51 6
E 164 115 6
E 164 125 6
E 91 127 5
E 168 17 6
E 170 65 5
E 91 97 5
E 170 26 6
E 91 125 6
E 91 175 6
E 170 25 6
E 91 4 5
E 168 156 6
E 91 143 6
E 91 169 5
E 91 114 5
E 42 71 5
E 42 156 6
E 85 43 6
E 42 29 6
E 144 114 5
E 42 139 5
E 85 115 6
E 85 175 5
E 85 122 5
E 144 175 6
E 15 6 5
E 144 167 6
E 42 155 6
E 5 79 6
E 80 35 6
E 83 151 5
E 37 1 5
E 5 65 6
E 5 4 5
E 5 84 5
E 80 111 6
E 83 109 5
E 32 34 6
E 83 40 6
E 32 12 5
E 80 143 5
E 99 96 5
E 99 72 5
E 21 109 5
E 21 66 6
E 71 119 5
E 19 6 6
E 71 70 5
E 99 51 5
E 19 96 6
E 97 23 5
E 71 126 6
E 97 162 6
E 21 72 6
E 114 151 6
E 114 44 6
E 114 155 6
E 114 169 6
E 114 121 6
E 114 96 6
E 114 81 6
E 114 135 5
E 114 111 6
E 114 26 6
E 114 36 5
E 114 175 6
E 114 0 6
E 82 121 5
E 28 79 6
E 82 10 6
E 28 60 6
E 70 0 5
E 139 155 5
E 139 156 6
E 139 14 6
E 28 147 6
E 139 60 5
E 82 95 6
E 82 16 6
E 139 107 5
E 172 147 5
E 130 66 5
E 11 165 6
E 11 135 5
E 22 135 6
E 39 6 6
E 101 17 6
E 22 159 6
E 11 86 5
E 11 90 5
E 44 74 5
E 44 65 6
E 22 24 6
E 17 0 6
E 17 65 5
E 17 124 6
E 169 13 5
E 17 95 5
E 169 120 6
E 169 162 6
E 17 51 6
E 17 67 5
E 17 174 6
E 17 96 5
E 169 121 5
E 17 128 6
E 119 72 5
E 119 166 5
E 112 18 6
E 119 25 6
E 111 166 5
E 119 126 5
E 119 174 6
E 111 122 5
E 111 58 5
E 111 140 6
E 111 36 6
E 112 159 6
E 143 159 5
E 49 74 5
E 98 29 6
E 43 84 6
E 43 0 5
E 137 58 5
E 137 121 5
E 49 153 6
E 6 90 5
E 137 74 6
E 49 138 6
E 43 53 6
E 6 156 6
E 6 122 6
E 84 174 5
E 72 175 5
E 128 56 6
E 100 40 6
E 72 153 6
E 36 118 6
E 72 167 5
E 72 95 5
E 157 35 6
E 128 167 5
E 84 12 6
E 72 107 5
E 90 138 5
E 140 162 6
E 18 151 5
E 60 103 6
E 12 121 5
E 12 104 5
E 60 151 6
E 60 74 6
E 12 155 5
E 12 33 5
E 140 23 6
E 12 68 5
E 60 118 6
E 60 147 6
E 96 33 6
E 96 29 6
E 126 1 5
E 95 65 6
E 95 147 5
E 96 135 6
E 96 58 5
E 126 33 6
E 126 67 5
E 96 24 5
E 95 4 6
E 95 79 6
E 126 24 6
E 174 56 6
E 147 118 6
E 135 10 6
E 135 53 5
E 174 155 5
E 135 167 5
E 147 62 6
E 135 33 6
E 174 58 6
E 147 27 5
E 135 48 5
E 147 113 5
E 135 34 5
E 160 10 5
E 29 159 6
E 27 2 5
E 160 115 5
E 124 121 5
E 29 64 6
E 160 136 5
E 29 53 5
E 27 33 5
E 27 121 6
E 27 16 6
E 124 2 6
E 27 26 6
E 122 40 5
E 67 79 5
E 122 162 6
E 127 50 5
E 122 74 6
E 13 25 6
E 110 159 6
E 127 65 5
E 109 33 6
E 122 33 6
E 110 155 6
E 109 0 6
E 110 86 5
E 35 167 5
E 34 53 6
E 2 86 5
E 2 131 5
E 34 74 5
E 34 107 5
E 35 50 6
E 2 152 5
E 2 14 5
E 2 58 5
E 2 62 5
E 35 175 6
E 34 118 5
E 20 53 5
E 20 74 5
E 115 40 6
E 0 121 6
E 0 123 5
E 58 4 5
E 58 123 6
E 58 167 5
E 58 155 5
E 115 51 5
E 115 66 5
E 20 24 5
E 1 68 5
E 175 33 5
E 175 165 6
E 125 56 6
E 162 14 5
E 175 151 5
E 162 104 5
E 162 50 6
E 125 123 6
E 125 26 5
E 66 104 5
E 66 50 6
E 125 166 6
E 162 166 6
E 151 120 5
E 151 68 5
E 152 155 5
E 153 166 5
E 151 156 6
E 153 25 6
E 123 33 5
E 151 24 5
E 123 86 5
E 153 51 6
E 152 118 6
E 153 167 5
E 123 40 6
E 74 81 6
E 167 40 5
E 165 51 6
E 74 104 5
E 165 26 6
E 16 118 6
E 167 81 5
E 167 155 5
E 165 138 6
E 167 118 5
E 74 121 5
E 16 53 6
E 167 86 6
E 156 50 5
E 103 33 5
E 103 81 6
E 103 4 6
E 103 118 5
E 26 62 6
E 26 120 6
E 64 138 5
E 156 81 6
E 156 53 5
E 64 40 5
E 156 51 6
E 26 56 5
E 113 24 5
E 113 65 5
E 131 86 5
E 131 40 6
E 14 53 6
E 113 86 6
E 131 166 6
E 121 50 6
E 14 50 5
E 4 40 5
E 113 155 6
E 4 53 6
E 131 159 5
E 50 120 6
E 118 166 5
E 50 65 6
E 50 23 6
E 51 65 5
E 50 33 6
E 138 86 5
E 138 40 6
E 51 68 5
E 51 33 6
E 138 33 5
E 138 136 6
E 138 56 6
E 40 136 5
E 107 65 6
E 40 104 6
E 23 25 6
E 159 120 5
E 107 25 6
E 159 166 5
E 23 104 6
E 159 68 5
E 23 33 5
E 40 24 6
E 159 56 5
E 40 62 5
E 155 104 5
E 155 53 5
E 155 25 5
E 166 86 6
E 33 68 6
E 155 120 5
E 166 136 5
E 33 136 5
E 155 24 6
E 155 56 6
E 33 56 5
E 33 104 6
E 155 86 5
E 53 25 5
E 24 120 5
E 53 136 5
E 24 25 6
E 24 68 5
E 65 56 5
E 86 62 5
E 104 56 5
E 86 68 6
E 24 56 5
E 53 56 5
E 86 120 6
E 53 62 6
